State(map=[1. 2. 0. 0. 3. 0. 2. 4. 2. 1.]) && 0 && [239.41991138  91.12971166  53.96427805 138.79008072  82.26800739
  34.61587877 132.54343066  96.66118984] State(map=[1. 2. 0. 0. 3. 0. 4. 0. 2. 1.]) && 4 && [121.16801721 148.06644527 122.78013814 138.84654769 167.22755517
 129.1720752  105.61750927 141.16831   ] State(map=[1. 2. 0. 0. 3. 4. 0. 0. 2. 1.]) && 1 && [ -0.2        140.9127395   13.77564201   9.12937782  29.81898628
  20.13391901   1.1282341   45.42125877] State(map=[1. 2. 0. 0. 7. 0. 0. 0. 2. 1.]) && 1 && [-0.2        31.23308011  0.          0.          0.          0.
  0.          0.        ] State(map=[1. 2. 0. 4. 3. 0. 0. 0. 2. 1.]) && 1 && [-0.2         1.68551195  0.          0.          0.          0.
  0.          0.        ] State(map=[1. 2. 4. 0. 3. 0. 0. 0. 2. 1.]) && 0 && [9.9 0.  0.  0.  0.  0.  0.  0. ] State(map=[1. 4. 0. 0. 3. 0. 0. 0. 2. 1.]) && 1 && [-0.398 -0.38  -0.398 -0.398 -0.398 -0.398 -0.398 -0.38 ] State(map=[1. 0. 4. 0. 3. 0. 0. 0. 2. 1.]) && 7 && [-0.38   -0.38   -0.398  -0.6086 -0.398  -0.398  -0.398  -0.2   ] State(map=[1. 4. 0. 3. 0. 0. 0. 0. 2. 1.]) && 3 && [-0.5762  -0.5924  -0.59402 -0.398   -0.57782 -0.398   -0.398   -0.398  ] State(map=[1. 0. 4. 3. 0. 0. 0. 0. 2. 1.]) && 1 && [-0.57782 -0.398   -0.398   -0.398   -0.398   -0.398   -0.398   -0.398  ] State(map=[1. 4. 3. 0. 0. 0. 0. 0. 2. 1.]) && 3 && [-0.59402 -0.75278 -0.59402 -0.398   -0.398   -0.398   -0.398   -0.398  ] State(map=[1. 0. 7. 0. 0. 0. 0. 0. 2. 1.]) && 3 && [-0.5762 -0.5762 -0.5762 -0.398  -0.398  -0.56   -0.398  -0.398 ] State(map=[1. 7. 0. 0. 0. 0. 0. 0. 2. 1.]) && 5 && [-0.59402 -0.5924  -0.59402 -0.59402 -0.59402 -0.398   -0.398   -0.59402] State(map=[1. 3. 4. 0. 0. 0. 0. 0. 2. 1.]) && 5 && [-0.59402 -0.57782 -0.59402 -0.59402 -0.59402 -0.398   -0.398   -0.398  ] State(map=[1. 3. 0. 4. 0. 0. 0. 0. 2. 1.]) && 1 && [-0.59402     1.35971123 -0.5762     -0.398      -0.56       -0.398
 -0.43202    -0.398     ] State(map=[1. 3. 0. 0. 4. 0. 0. 0. 2. 1.]) && 7 && [-0.57782    -0.398      -0.398      -0.4142     -0.398      -0.38
 -0.398      39.68360859] State(map=[1. 0. 3. 4. 0. 0. 0. 0. 2. 1.]) && 0 && [-0.398  -0.5762 -0.398  -0.398  -0.398  -0.398  -0.398  -0.398 ] State(map=[1. 3. 0. 0. 0. 4. 0. 0. 2. 1.]) && 7 && [ 7.95807584 20.42466997 34.55120416  2.04301784 20.47000651 21.80074478
 -0.68471068 76.38998956] State(map=[1. 3. 0. 0. 0. 0. 4. 0. 2. 1.]) && 7 && [64.96512502 84.32112271 75.10915106 61.49129509 74.95504184 73.37469322
 60.99719735 87.1       ] State(map=[1. 0. 3. 0. 4. 0. 0. 0. 2. 1.]) && 7 && [-0.398      -0.56       -0.398      -0.398      -0.398      -0.398
 -0.398       3.81886334] State(map=[1. 0. 3. 0. 0. 4. 0. 0. 2. 1.]) && 1 && [-0.5762     76.19113537 -0.2         0.92347707  7.459       1.29154833
 -0.19591543 -0.2       ] State(map=[1. 3. 0. 0. 0. 0. 0. 4. 2. 1.]) && 1 && [63.61694618 99.         82.4675827  64.92411305 85.626568   80.15234281
 74.47681771 88.16752008] State(map=[1. 0. 3. 0. 0. 0. 4. 0. 2. 1.]) && 4 && [20.03871461 29.82247     7.459      22.97039822 87.1        27.83506527
  2.6711347  34.29517762] State(map=[1. 0. 0. 3. 4. 0. 0. 0. 2. 1.]) && 4 && [-0.398      -0.38       -0.398      -0.398       7.82822985 -0.2
 -0.2        -0.38      ] State(map=[1. 0. 0. 7. 0. 0. 0. 0. 2. 1.]) && 1 && [-0.398 -0.38  -0.398 -0.398 -0.398 -0.398 -0.398 -0.398] State(map=[1. 0. 4. 0. 0. 3. 0. 0. 2. 1.]) && 7 && [-0.398      -0.56       -0.398      -0.4142     -0.398      -0.47981
  7.02902324 37.37444878] State(map=[1. 4. 0. 0. 0. 3. 0. 0. 2. 1.]) && 7 && [-0.398      -0.5762     -0.398      -0.218      -0.398      -0.398
  7.21798979 44.56676073] State(map=[1. 0. 0. 4. 0. 3. 0. 0. 2. 1.]) && 5 && [-0.398      -0.38       -0.398      -0.398      -0.398      35.67281054
 -0.2        -0.2       ] State(map=[1. 0. 0. 4. 3. 0. 0. 0. 2. 1.]) && 4 && [-0.398      -0.38       -0.398      -0.218       0.32454069 -0.2
 -0.59078    -0.2       ] State(map=[1. 0. 0. 3. 0. 4. 0. 0. 2. 1.]) && 2 && [-0.398       5.358538   31.44352248 -0.218      -0.2        -0.2
 -0.2        -0.2       ] State(map=[1. 0. 0. 3. 0. 0. 4. 0. 2. 1.]) && 2 && [-0.2         8.06369726 74.18605116 11.93854487 -0.2        -0.12222659
 -0.2         0.511     ] State(map=[1. 3. 0. 0. 0. 0. 0. 0. 4. 1.]) && 0 && [0. 0. 0. 0. 0. 0. 0. 0.] State(map=[1. 2. 0. 0. 3. 0. 0. 4. 2. 1.]) && 1 && [124.3774905  167.751      121.58550793  93.63835349 140.86697208
 124.00553914 115.0467771   97.44663703] State(map=[1. 2. 0. 3. 0. 0. 4. 0. 2. 1.]) && 5 && [117.78339435 130.58939588 130.23230102 103.03863312  97.17117241
 147.06858346  83.70685151 114.89160652] State(map=[1. 2. 0. 3. 0. 4. 0. 0. 2. 1.]) && 4 && [  9.8148146   10.87462856  -0.2          0.68612558 165.58591388
  37.65304335  -0.2         27.24633723] State(map=[1. 2. 0. 3. 4. 0. 0. 0. 2. 1.]) && 1 && [-0.2       71.9724956 -0.2        0.         0.         0.
  0.        -0.2      ] State(map=[1. 2. 0. 0. 0. 3. 0. 4. 2. 1.]) && 1 && [113.76489298 159.0759     139.75594966 116.55207519 155.43363314
 100.82489596  90.36192728 148.42987232] State(map=[1. 2. 0. 0. 0. 3. 4. 0. 2. 1.]) && 4 && [ 75.62086453 112.06182861 100.31642046 102.21490942 148.9759
  64.12987818  50.42264802 106.3243669 ] State(map=[1. 2. 0. 0. 0. 7. 0. 0. 2. 1.]) && 2 && [ -0.2         13.02477277 123.61982905   0.79083191   0.
   8.77158008   0.43329996  11.5070479 ] State(map=[1. 2. 0. 0. 4. 3. 0. 0. 2. 1.]) && 1 && [-0.2        20.62492458  0.         -0.2         0.          0.
  0.          0.        ] State(map=[1. 2. 0. 4. 0. 3. 0. 0. 2. 1.]) && 1 && [-0.2  0.   0.   0.   0.   0.   0.   0. ] State(map=[1. 2. 4. 0. 0. 3. 0. 0. 2. 1.]) && 0 && [9.9 0.  0.  0.  0.  0.  0.  0. ] State(map=[1. 0. 0. 0. 7. 0. 0. 0. 2. 1.]) && 2 && [-0.398 -0.398 -0.2   -0.398 -0.2   -0.2   -0.2   -0.2  ] State(map=[1. 0. 0. 0. 3. 4. 0. 0. 2. 1.]) && 0 && [-0.2        -0.2        -0.2        -0.218      -0.2        -0.2
 -0.2        -0.31740183] State(map=[1. 0. 3. 0. 0. 0. 0. 4. 2. 1.]) && 1 && [67.1540672  99.         83.42928501 71.94794159 94.33697259 78.91816074
 54.84201145 91.89280992] State(map=[1. 2. 0. 3. 0. 0. 0. 4. 2. 1.]) && 4 && [114.18735271 177.39       148.48579765 140.40098694 188.0931465
 137.09262231 139.13922076 159.84971201] State(map=[1. 2. 3. 0. 0. 0. 4. 0. 2. 1.]) && 4 && [145.14493305 162.51930954 177.39       165.63407598 188.1
 126.84813178 141.15892631 163.8752448 ] State(map=[1. 2. 3. 0. 0. 4. 0. 0. 2. 1.]) && 2 && [ -0.2         -0.2        167.46820605   0.          17.739
   0.           0.           0.        ] State(map=[1. 2. 3. 0. 4. 0. 0. 0. 2. 1.]) && 1 && [-0.2        25.61421367  0.          0.          0.          0.
 -0.2         0.        ] State(map=[1. 2. 3. 4. 0. 0. 0. 0. 2. 1.]) && 1 && [-0.2  0.   0.   0.   0.   0.   0.   0. ] State(map=[1. 2. 7. 0. 0. 0. 0. 0. 2. 1.]) && 0 && [9.882 0.    0.    0.    0.    0.    0.    0.   ] State(map=[1. 4. 0. 0. 0. 0. 3. 0. 2. 1.]) && 5 && [14.09000063 14.20629738 -0.398      -0.398       4.35325753 87.02997374
  8.53        6.01355283] State(map=[1. 0. 4. 0. 0. 0. 3. 0. 2. 1.]) && 6 && [52.74953183 31.46758041  9.40515126 14.72399632  9.39701661 22.67521586
 87.1        11.06857815] State(map=[1. 0. 0. 4. 0. 0. 3. 0. 2. 1.]) && 0 && [73.2410456 -0.38      -0.2       -0.218     -0.398     -0.2
 -0.2       -0.38     ] State(map=[1. 0. 0. 0. 4. 0. 3. 0. 2. 1.]) && 6 && [-0.2        -0.2        -0.2        -0.218      -0.2        -0.2
  3.71463608  0.        ] State(map=[1. 0. 0. 0. 4. 3. 0. 0. 2. 1.]) && 2 && [-0.398 -0.38  -0.2   -0.2   -0.2   -0.2   -0.2   -0.2  ] State(map=[1. 0. 0. 0. 0. 7. 0. 0. 2. 1.]) && 7 && [-0.2 -0.2 -0.2 -0.2 -0.2 -0.2 -0.2  0. ] State(map=[1. 0. 0. 0. 3. 0. 4. 0. 2. 1.]) && 4 && [-0.2        -0.2        -0.2        -0.218      35.76142945  0.
  0.          0.        ] State(map=[1. 0. 0. 0. 3. 0. 0. 4. 2. 1.]) && 1 && [-0.2  18.81  0.    0.    0.    0.    0.    0.  ] State(map=[1. 0. 0. 3. 0. 0. 0. 4. 2. 1.]) && 1 && [-0.2        97.814721   16.549       7.42130613  9.9         0.
  2.51699573 18.81      ] State(map=[1. 2. 0. 0. 0. 3. 0. 0. 4. 1.]) && 2 && [48.56704762 55.82050885 66.751      46.6696457  63.82264295 47.5826391
 32.6921838  47.25244206] State(map=[1. 2. 0. 0. 0. 3. 0. 4. 0. 1.]) && 4 && [ 1.70492168 -0.62156    -0.398       1.03841147 66.70420581 -0.39962
 -0.398       9.44272158] State(map=[1. 2. 0. 0. 0. 0. 3. 0. 4. 1.]) && 2 && [ 8.32931682 20.22917366 58.07589991  9.06402737 23.51813746 -0.56
  0.85778967  1.32248136] State(map=[1. 2. 0. 0. 0. 0. 3. 4. 0. 1.]) && 1 && [-0.8678     49.57963779  5.4396065  -0.398      -0.42644448 -0.398
 -0.56        0.80197648] State(map=[1. 2. 0. 0. 0. 0. 7. 0. 0. 1.]) && 7 && [-0.38       -0.39962    -0.398      -0.38       -0.218      -0.398
 -0.38        0.06596705] State(map=[1. 2. 0. 0. 0. 4. 3. 0. 0. 1.]) && 1 && [-0.38  -0.2   -0.2   -0.2   -0.218 -0.2   -0.2   -0.2  ] State(map=[1. 2. 0. 0. 4. 0. 3. 0. 0. 1.]) && 7 && [-0.2 -0.2 -0.2 -0.2 -0.2 -0.2 -0.2  0. ] State(map=[1. 2. 0. 4. 0. 0. 3. 0. 0. 1.]) && 3 && [-0.2 -0.2 -0.2  0.   0.   0.   0.   0. ] State(map=[1. 2. 4. 0. 0. 0. 3. 0. 0. 1.]) && 0 && [18.81  0.    0.    0.    0.    0.    0.    0.  ] State(map=[1. 4. 0. 0. 0. 0. 3. 0. 0. 1.]) && 0 && [0. 0. 0. 0. 0. 0. 0. 0.] State(map=[1. 2. 0. 0. 0. 0. 7. 0. 2. 1.]) && 2 && [ 60.25928717  45.80379776 132.07831     65.45616556  91.94596388
   7.31464494  11.9069066   14.45469921] State(map=[1. 2. 0. 0. 0. 4. 3. 0. 2. 1.]) && 1 && [ -0.2        116.21982556  10.76838835   1.65624321   0.
   4.11778979   0.           1.8588425 ] State(map=[1. 2. 0. 0. 4. 0. 3. 0. 2. 1.]) && 1 && [-0.2        88.75424535  0.          0.          0.          0.
  0.          0.        ] State(map=[1. 2. 0. 4. 0. 0. 3. 0. 2. 1.]) && 1 && [-0.2        52.37403826  0.          0.          0.          0.
  0.          0.        ] State(map=[1. 2. 4. 0. 0. 0. 3. 0. 2. 1.]) && 0 && [9.9 0.  0.  0.  0.  0.  0.  0. ] State(map=[1. 4. 0. 0. 0. 0. 0. 3. 2. 1.]) && 7 && [67.11076848 38.81148754 51.94582563 60.38337077 52.41661004 67.93275099
 78.61677792 99.        ] State(map=[1. 0. 4. 0. 0. 0. 0. 3. 2. 1.]) && 5 && [ 8.53        0.92446483 -0.2        -0.218      -0.2        84.14063111
  0.          0.        ] State(map=[1. 0. 4. 0. 0. 0. 0. 0. 3. 1.]) && 0 && [0. 0. 0. 0. 0. 0. 0. 0.] State(map=[1. 2. 0. 7. 0. 0. 0. 0. 2. 1.]) && 2 && [-0.2 -0.2  0.   0.   0.   0.   0.   0. ] State(map=[1. 2. 4. 3. 0. 0. 0. 0. 2. 1.]) && 0 && [9.882 0.    0.    0.    0.    0.    0.    0.   ] State(map=[1. 0. 0. 4. 0. 0. 0. 3. 2. 1.]) && 3 && [-0.2        -0.2        -0.2        46.78536076  0.          0.
  0.          0.        ] State(map=[1. 0. 0. 0. 0. 4. 3. 0. 2. 1.]) && 5 && [-0.2        -0.2        -0.2        -0.218      -0.02080261  0.
  0.          0.        ] State(map=[1. 0. 3. 0. 0. 0. 0. 0. 4. 1.]) && 0 && [0. 0. 0. 0. 0. 0. 0. 0.] State(map=[1. 2. 0. 0. 3. 0. 0. 0. 4. 1.]) && 4 && [49.91155064 66.4986584  75.64585968 75.55994445 76.39       57.30066751
 57.02254368 57.58834009] State(map=[1. 2. 0. 0. 3. 0. 0. 4. 0. 1.]) && 7 && [ 8.99059366 34.64496349 22.673983   13.55759114 14.2566739   4.96568757
  1.71776593 58.07588647] State(map=[1. 2. 0. 0. 0. 3. 4. 0. 0. 1.]) && 4 && [-0.38       -0.398       2.85779581 -0.38       27.62448748 -0.2
 -0.2        -0.218     ] State(map=[1. 2. 0. 0. 0. 7. 0. 0. 0. 1.]) && 0 && [-0.2       -0.2       -0.2       -0.3924029 -0.398     -0.2
 -0.2       -0.218    ] State(map=[1. 2. 0. 0. 4. 3. 0. 0. 0. 1.]) && 6 && [-0.2 -0.2 -0.2 -0.2 -0.2 -0.2  0.   0. ] State(map=[1. 2. 0. 4. 0. 3. 0. 0. 0. 1.]) && 3 && [-0.2     -0.2     -0.2      2.21461  0.       0.       0.       0.     ] State(map=[1. 2. 4. 0. 0. 3. 0. 0. 0. 1.]) && 0 && [9.9 0.  0.  0.  0.  0.  0.  0. ] State(map=[1. 4. 0. 0. 0. 3. 0. 0. 0. 1.]) && 0 && [0. 0. 0. 0. 0. 0. 0. 0.] State(map=[1. 2. 3. 0. 0. 0. 0. 4. 2. 1.]) && 1 && [ 16.549      188.01191755   0.           0.           0.
   0.           0.          33.7041    ] State(map=[1. 2. 0. 3. 0. 0. 0. 0. 4. 1.]) && 4 && [76.31764708 76.27848698 86.8848011  87.00826624 87.1        66.74633675
 50.23374604 66.64049144] State(map=[1. 2. 0. 3. 0. 0. 0. 4. 0. 1.]) && 4 && [19.71367882 14.3521     16.38584945  6.99497223 87.09999729  4.23841938
  4.11958672 22.8244489 ] State(map=[1. 2. 0. 3. 0. 0. 4. 0. 0. 1.]) && 4 && [-0.34338567 -0.2        11.78284549 -0.38       87.06704464  9.6476524
 -0.218       0.        ] State(map=[1. 2. 0. 3. 0. 4. 0. 0. 0. 1.]) && 7 && [-0.2        -0.2        -0.2        -0.2        -0.13781    -0.2
 -0.38        7.83446051] State(map=[1. 2. 0. 3. 4. 0. 0. 0. 0. 1.]) && 2 && [-0.2    -0.2     2.1148  0.      0.      0.      0.      0.    ] State(map=[1. 2. 0. 7. 0. 0. 0. 0. 0. 1.]) && 6 && [-0.2     0.      0.      0.      0.      0.      2.1148  0.    ] State(map=[1. 2. 4. 3. 0. 0. 0. 0. 0. 1.]) && 0 && [ 0.   0.   0.   0.   0.   0.   0.  -0.2] State(map=[1. 2. 0. 4. 3. 0. 0. 0. 0. 1.]) && 3 && [-0.2     -0.38    -0.13781  0.       0.       0.       0.       0.     ] State(map=[1. 2. 4. 0. 3. 0. 0. 0. 0. 1.]) && 0 && [34.0461  0.      0.      0.      0.      0.      0.      0.    ] State(map=[1. 4. 0. 0. 3. 0. 0. 0. 0. 1.]) && 0 && [0. 0. 0. 0. 0. 0. 0. 0.] State(map=[1. 2. 3. 0. 0. 0. 0. 0. 4. 1.]) && 2 && [86.34441059 87.01468146 99.         98.87030797 98.82209598 76.06166604
 76.01227059 76.36064332] State(map=[1. 2. 3. 0. 0. 0. 0. 4. 0. 1.]) && 2 && [ 7.23746848 35.550223   98.99999999 34.0461      0.          0.
  7.6313443  31.2824689 ] State(map=[1. 2. 3. 0. 0. 0. 4. 0. 0. 1.]) && 1 && [-0.2        84.88468478  0.          0.          9.9         0.
 -0.2         7.18593556] State(map=[1. 2. 3. 0. 0. 4. 0. 0. 0. 1.]) && 1 && [-0.2         7.33511601  0.          0.          0.         -0.2
 -0.2         0.        ] State(map=[1. 2. 0. 0. 3. 0. 4. 0. 0. 1.]) && 2 && [-0.38       -0.398      71.90453922 -0.2        13.84857287  1.34873074
 -0.2        -0.218     ] State(map=[1. 2. 0. 0. 3. 4. 0. 0. 0. 1.]) && 1 && [-0.38  -0.2   -0.2   -0.2   -0.2   -0.2   -0.2   -0.218] State(map=[1. 2. 0. 0. 7. 0. 0. 0. 0. 1.]) && 4 && [-0.2        -0.2        -0.13781    -0.2        -0.05102611 -0.2
 -0.2        -0.218     ] State(map=[1. 3. 0. 0. 0. 0. 0. 4. 0. 1.]) && 0 && [0. 0. 0. 0. 0. 0. 0. 0.] State(map=[1. 2. 3. 0. 4. 0. 0. 0. 0. 1.]) && 4 && [-0.2    0.     0.     0.    26.829  0.     0.     0.   ] State(map=[1. 2. 3. 4. 0. 0. 0. 0. 0. 1.]) && 1 && [-0.2  0.   0.   0.   0.   0.   0.   0. ] State(map=[1. 2. 7. 0. 0. 0. 0. 0. 0. 1.]) && 0 && [9.9 0.  0.  0.  0.  0.  0.  0. ] State(map=[1. 4. 3. 0. 0. 0. 0. 0. 0. 1.]) && 0 && [0. 0. 0. 0. 0. 0. 0. 0.] State(map=[1. 3. 0. 0. 0. 4. 0. 0. 0. 1.]) && 0 && [0. 0. 0. 0. 0. 0. 0. 0.] State(map=[1. 2. 0. 0. 0. 0. 0. 3. 4. 1.]) && 3 && [-0.5762    -0.59402   -0.4304    29.7177253 -0.43202   -0.542
 -0.56162   -0.398    ] State(map=[1. 2. 0. 0. 0. 0. 0. 7. 0. 1.]) && 2 && [-0.38       -0.398      17.14204451 -0.398      -0.4304     -0.398
 -0.38       -0.2       ] State(map=[1. 2. 0. 0. 0. 0. 4. 3. 0. 1.]) && 4 && [-0.38    -0.398   -0.398   -0.38    -0.218   -0.398   -0.38    -0.41582] State(map=[1. 2. 0. 0. 0. 4. 0. 3. 0. 1.]) && 2 && [-0.38    -0.39962 -0.2     -0.2     -0.2     -0.2     -0.2     -0.218  ] State(map=[1. 2. 0. 0. 4. 0. 0. 3. 0. 1.]) && 7 && [-0.2   -0.2   -0.2   -0.2   -0.218 -0.2   -0.2    0.   ] State(map=[1. 2. 0. 4. 0. 0. 0. 3. 0. 1.]) && 3 && [-0.2   -0.2   -0.2    0.691  0.     0.     0.     0.   ] State(map=[1. 2. 4. 0. 0. 0. 0. 3. 0. 1.]) && 0 && [9.9 0.  0.  0.  0.  0.  0.  0. ] State(map=[1. 4. 0. 0. 0. 0. 0. 3. 0. 1.]) && 0 && [0. 0. 0. 0. 0. 0. 0. 0.] State(map=[1. 2. 0. 0. 0. 3. 2. 4. 2. 1.]) && 6 && [233.07831    134.83753646 152.37301895 196.24925641 180.01135817
 179.6091614  318.870479   143.67507301] State(map=[1. 2. 0. 0. 0. 0. 0. 0. 7. 1.]) && 0 && [-0.38    -0.5762  -0.398   -0.398   -0.43202 -0.398   -0.398   -0.398  ] State(map=[1. 2. 0. 0. 0. 0. 0. 4. 3. 1.]) && 0 && [-0.38   -0.398  -0.398  -0.398  -0.4304 -0.398  -0.398  -0.4142] State(map=[1. 2. 0. 0. 0. 0. 4. 0. 3. 1.]) && 4 && [-0.38       -0.398      -0.398      -0.398       0.89324157 -0.398
 -0.398      -0.218     ] State(map=[1. 2. 0. 0. 0. 4. 0. 0. 3. 1.]) && 1 && [-0.38  -0.2   -0.2   -0.2   -0.218 -0.2   -0.2   -0.218] State(map=[1. 2. 0. 0. 4. 0. 0. 0. 3. 1.]) && 7 && [-0.2   -0.2   -0.2   -0.2   -0.218 -0.2   -0.2    0.   ] State(map=[1. 2. 0. 0. 3. 0. 2. 0. 4. 1.]) && 3 && [  5.93173635  -0.2         -0.31079696 148.46082436   0.
   3.84144522   0.68938      0.        ] State(map=[1. 2. 0. 0. 3. 0. 2. 4. 0. 1.]) && 0 && [143.16593407   9.34556776   5.80272636  16.47104274   0.
   3.67637052  10.61443925   0.        ] State(map=[1. 2. 0. 3. 0. 0. 2. 4. 2. 1.]) && 0 && [224.89731    125.99342034 188.0208068  199.47994755 136.45365538
 182.91135323 194.37873708 165.91698651] State(map=[1. 2. 0. 4. 0. 0. 0. 0. 3. 1.]) && 3 && [-0.2 -0.2 -0.2  0.   0.   0.   0.   0. ] State(map=[1. 2. 4. 0. 0. 0. 0. 0. 3. 1.]) && 0 && [9.9 0.  0.  0.  0.  0.  0.  0. ] State(map=[1. 4. 0. 0. 0. 0. 0. 0. 3. 1.]) && 0 && [0. 0. 0. 0. 0. 0. 0. 0.] State(map=[1. 2. 0. 0. 0. 3. 2. 0. 4. 1.]) && 3 && [-0.2         3.35440484 -0.13572204 98.34125912  0.          0.
  0.          0.        ] State(map=[1. 2. 0. 0. 0. 3. 2. 4. 0. 1.]) && 0 && [36.96651943  0.          0.          0.          0.          0.
  0.          0.        ] State(map=[1. 2. 0. 3. 0. 0. 2. 0. 4. 1.]) && 3 && [ 11.28242889  -0.2         -0.2        115.90577474   7.6504215
   0.           8.0346019    3.61650974] State(map=[1. 2. 0. 3. 0. 0. 2. 4. 0. 1.]) && 0 && [174.90869603   0.          14.15687913  15.50502565  21.95610089
   0.           0.           0.        ] State(map=[1. 2. 0. 0. 0. 0. 3. 4. 2. 1.]) && 1 && [ -0.2        150.86749116  14.116831    13.06989539  15.90759
   0.           0.73889799   0.        ] State(map=[1. 2. 3. 0. 0. 0. 2. 0. 4. 1.]) && 2 && [ -0.2         -0.2        135.21966222   0.           0.
   0.          13.56669806   0.        ] State(map=[1. 2. 3. 0. 0. 0. 2. 4. 0. 1.]) && 0 && [161.03429557   0.          17.32406311   0.           0.
   0.          13.25192311   0.        ] State(map=[1. 2. 0. 0. 0. 4. 0. 3. 2. 1.]) && 2 && [-0.2       -0.2       53.3970712  0.         0.         0.
  0.         9.882    ] State(map=[1. 2. 0. 0. 4. 0. 0. 3. 2. 1.]) && 1 && [-0.2  0.   0.   0.   0.   0.   0.   0. ] State(map=[1. 2. 0. 4. 0. 0. 0. 3. 2. 1.]) && 1 && [-0.2  0.   0.   0.   0.   0.   0.   0. ] State(map=[1. 2. 4. 0. 0. 0. 0. 3. 2. 1.]) && 0 && [11.5929  0.      0.      0.      0.      0.      0.      0.    ] State(map=[1. 2. 0. 0. 0. 0. 4. 3. 2. 1.]) && 2 && [-0.2       -0.2       48.3485241  0.         0.         9.88038
  0.         0.       ] State(map=[1. 2. 0. 0. 0. 0. 0. 7. 2. 1.]) && 1 && [-0.2       62.1292712  0.         0.         0.         0.
  0.         0.       ] State(map=[1. 3. 0. 0. 0. 0. 4. 0. 0. 1.]) && 0 && [0. 0. 0. 0. 0. 0. 0. 0.] State(map=[1. 2. 3. 0. 0. 0. 2. 4. 2. 1.]) && 0 && [258.651       79.84114122 175.51924648 190.79357342 155.83320077
 116.23996366 111.39771271 127.80862622] State(map=[1. 3. 0. 0. 0. 0. 2. 0. 4. 1.]) && 0 && [72.04711165 -0.2        -0.2         7.9945568   0.          0.
  2.83651    -0.2       ] State(map=[1. 3. 0. 0. 0. 0. 2. 4. 0. 1.]) && 0 && [95.2229478   4.7285096   6.19355283  0.          0.         -0.2
  9.9         0.        ] State(map=[1. 0. 0. 3. 0. 0. 0. 0. 4. 1.]) && 0 && [0. 0. 0. 0. 0. 0. 0. 0.] State(map=[1. 3. 0. 0. 0. 0. 2. 4. 2. 1.]) && 0 && [150.76467201   0.           8.89263746   0.          11.9611193
   0.           0.           0.        ] State(map=[1. 0. 3. 0. 0. 0. 2. 4. 0. 1.]) && 0 && [26.829   -0.13781  0.       0.       0.       0.       0.       0.     ] State(map=[1. 0. 3. 0. 0. 0. 4. 0. 0. 1.]) && 0 && [0. 0. 0. 0. 0. 0. 0. 0.] State(map=[1. 0. 0. 0. 0. 3. 4. 0. 2. 1.]) && 2 && [-0.2        -0.2         3.76216114  0.          0.          0.
  0.          0.        ] State(map=[1. 0. 0. 0. 3. 0. 0. 0. 4. 1.]) && 0 && [0. 0. 0. 0. 0. 0. 0. 0.] State(map=[1. 0. 3. 0. 0. 0. 2. 0. 4. 1.]) && 0 && [ 0.691  0.     0.     0.     0.     0.    -0.2    0.   ] State(map=[1. 0. 0. 3. 0. 0. 2. 4. 0. 1.]) && 0 && [9.9 0.  0.  0.  0.  0.  0.  0. ] State(map=[1. 0. 0. 3. 0. 0. 4. 0. 0. 1.]) && 0 && [0. 0. 0. 0. 0. 0. 0. 0.] State(map=[1. 2. 0. 0. 3. 4. 2. 0. 2. 1.]) && 1 && [172.12629794 248.06729296 203.63401659  90.73452675 210.27347462
 159.23545904 130.6192845  225.84731718] State(map=[1. 2. 0. 0. 7. 0. 2. 0. 2. 1.]) && 1 && [ 27.73321554 218.39544827 122.1514778  107.29666202 184.84800201
 101.7900602   54.13698116 135.11446964] State(map=[1. 2. 0. 4. 3. 0. 2. 0. 2. 1.]) && 3 && [  1.31128     -0.2         14.88150315 158.19718627   0.
   5.3680461    0.           0.        ] State(map=[1. 2. 4. 0. 3. 0. 2. 0. 2. 1.]) && 0 && [188.28230157   0.          20.0407579    0.           0.
   0.           0.           9.19191174] State(map=[1. 4. 0. 0. 3. 0. 2. 0. 2. 1.]) && 5 && [113.88839     86.45319055 110.2952442  108.59816794  51.05343682
 157.651      107.22372811  42.46460617] State(map=[1. 0. 4. 0. 3. 0. 2. 0. 2. 1.]) && 0 && [139.26382493  -0.2          5.62112401  -0.218       -0.2
  -0.2         15.5851      -0.32360408] State(map=[1. 0. 0. 7. 0. 0. 2. 0. 2. 1.]) && 0 && [ 7.20196075 -0.2        -0.2        -0.2        -0.2        -0.2
 -0.2        -0.2       ] State(map=[1. 0. 4. 3. 0. 0. 2. 0. 2. 1.]) && 4 && [ -0.398       -0.38        -0.398        9.01887816 103.2791833
  -0.2         -0.2         -0.38      ] State(map=[1. 4. 0. 3. 0. 0. 2. 0. 2. 1.]) && 6 && [ 97.34478187  38.9751838   52.16369414  80.02694275  24.04052115
  95.21895059 139.8859      48.03635421] State(map=[1. 0. 0. 3. 4. 0. 2. 0. 2. 1.]) && 4 && [-0.2        -0.2        -0.0743141  -0.218       6.67654083  0.
  0.          0.        ] State(map=[1. 0. 3. 4. 0. 0. 2. 0. 2. 1.]) && 1 && [-3.80000000e-01  1.36409349e+02  4.43971113e+00 -7.44942590e-02
  1.34155969e+01 -2.00000000e-01 -2.00000000e-01 -2.00000000e-01] State(map=[1. 0. 7. 0. 0. 0. 2. 0. 2. 1.]) && 0 && [67.21135917 -0.56       -0.398       7.50488947 -0.5762     -0.398
 -0.41582    -0.56      ] State(map=[1. 4. 3. 0. 0. 0. 2. 0. 2. 1.]) && 6 && [  2.1830478   -0.56         3.60849597   5.47696167  -0.4142
  -0.59402    123.80802945  -0.56739872] State(map=[1. 0. 3. 0. 4. 0. 2. 0. 2. 1.]) && 4 && [-2.00000000e-01 -2.00000000e-01 -2.00000000e-01 -2.00000000e-01
  1.57214190e+02  5.50015416e-02  0.00000000e+00  0.00000000e+00] State(map=[1. 3. 0. 4. 0. 0. 2. 0. 2. 1.]) && 4 && [  7.41967823  13.42552089  11.09726879   6.7379367  136.45103659
  -0.2         -0.2         -0.2       ] State(map=[1. 3. 4. 0. 0. 0. 2. 0. 2. 1.]) && 7 && [-0.398       9.67124704 -0.398      -0.398      -0.398      -0.398
 -0.398      91.66424936] State(map=[1. 7. 0. 0. 0. 0. 2. 0. 2. 1.]) && 6 && [-0.5762      3.44906241 -0.59402    -0.59402     1.73909084 -0.57782
 93.59575139 -0.398     ] State(map=[1. 3. 0. 0. 4. 0. 2. 0. 2. 1.]) && 1 && [  7.67932835 157.54148668  -0.2          1.00485703  42.5602944
  25.71240957   2.01708325   5.11038287] State(map=[1. 3. 0. 0. 0. 4. 2. 0. 2. 1.]) && 1 && [ 11.70639751 177.38997815  15.76343172  33.2212736   72.6429789
   1.39648947  29.05175303   0.        ] State(map=[1. 2. 0. 3. 0. 4. 2. 0. 2. 1.]) && 4 && [159.40327451 209.07034162 216.2952665  205.54672851 268.29
 207.41418908 171.37378362 237.61664229] State(map=[1. 2. 0. 0. 0. 7. 2. 0. 2. 1.]) && 1 && [-2.00000000e-01  2.25855082e+02  4.08114889e+01  3.28192845e+01
  0.00000000e+00  1.15544105e+01  0.00000000e+00  0.00000000e+00] State(map=[1. 2. 0. 0. 4. 3. 2. 0. 2. 1.]) && 2 && [ -0.2         -0.2        186.32657919  -0.2          0.
   0.           0.          10.72105344] State(map=[1. 2. 0. 4. 0. 3. 2. 0. 2. 1.]) && 5 && [ -0.2          0.           0.           0.          19.1317579
 108.29151158   0.           0.        ] State(map=[1. 2. 4. 0. 0. 3. 2. 0. 2. 1.]) && 0 && [ 0.   0.   0.   0.  -0.2  0.   0.   0. ] State(map=[1. 2. 0. 3. 4. 0. 2. 0. 2. 1.]) && 5 && [ 92.22309278 119.86977526 138.61777522  32.60578848 172.68750217
 192.04217117  40.37745645 182.55498023] State(map=[1. 2. 0. 7. 0. 0. 2. 0. 2. 1.]) && 1 && [ -0.2        170.01253254   0.           0.           0.
  13.14663847  12.57126542  65.79411542] State(map=[1. 2. 4. 3. 0. 0. 2. 0. 2. 1.]) && 0 && [224.89731    107.17984228 124.52853104 160.74472646 129.78092165
 100.41048272 151.64866818  65.05743515] State(map=[1. 4. 0. 0. 0. 3. 2. 0. 2. 1.]) && 7 && [125.15026979  28.03213299 107.17424509 107.83849195  78.67001493
 125.71148919 139.87777059 177.39      ] State(map=[1. 0. 4. 0. 0. 3. 2. 0. 2. 1.]) && 2 && [15.5851      0.69917982 98.87084127 13.61581    -0.16894897  0.
  0.          0.        ] State(map=[1. 0. 0. 4. 3. 0. 2. 0. 2. 1.]) && 6 && [-0.2        -0.2        -0.2        -0.218      -0.2        -0.2
 10.29951231  0.        ] State(map=[1. 0. 0. 0. 7. 0. 2. 0. 2. 1.]) && 4 && [-0.2        -0.2        -0.2        -0.18684067  0.          0.
  0.          0.        ] State(map=[1. 0. 3. 0. 0. 4. 2. 0. 2. 1.]) && 1 && [-0.2        61.00425413 15.765097    0.          0.          0.
  0.          0.        ] State(map=[1. 0. 0. 3. 0. 4. 2. 0. 2. 1.]) && 1 && [-0.2  0.   0.   0.   0.   0.   0.   0. ] State(map=[1. 2. 3. 0. 0. 4. 2. 0. 2. 1.]) && 1 && [ 67.68338905 267.59631035 178.55772502 114.30393627 158.55223341
 170.86173519 111.34155563 178.59294824] State(map=[1. 2. 3. 0. 4. 0. 2. 0. 2. 1.]) && 7 && [133.02836835 159.94192414 172.5785996  191.4695758  192.90517775
 102.8252089   98.51365173 239.461     ] State(map=[1. 0. 0. 4. 0. 3. 2. 0. 2. 1.]) && 3 && [-0.2        -0.38       -0.2        11.99088694  0.          0.
  0.          0.        ] State(map=[1. 0. 0. 0. 4. 3. 2. 0. 2. 1.]) && 3 && [-0.2 -0.2 -0.2  0.   0.   0.   0.   0. ] State(map=[1. 2. 3. 4. 0. 0. 2. 0. 2. 1.]) && 6 && [ 97.21520336 101.99722047 162.13068785 122.13170348 142.43508054
 115.45414052 200.407579   141.80362249] State(map=[1. 2. 7. 0. 0. 0. 2. 0. 2. 1.]) && 3 && [ 18.7434       0.           0.         237.55707      0.
  20.0407579    0.          15.06150315] State(map=[1. 0. 0. 0. 4. 0. 0. 3. 2. 1.]) && 5 && [-0.2   -0.2   -0.2   -0.218 -0.2    0.     0.     0.   ] State(map=[1. 0. 0. 0. 0. 4. 0. 3. 2. 1.]) && 1 && [-0.2  0.   0.   0.   0.   0.   0.   0. ] State(map=[1. 0. 0. 0. 0. 0. 7. 0. 2. 1.]) && 1 && [-0.2  0.   0.   0.   0.   0.   0.   0. ] State(map=[1. 0. 0. 0. 0. 3. 0. 4. 2. 1.]) && 1 && [-0.2  0.   0.   0.   0.   0.   0.   0. ] State(map=[1. 0. 0. 0. 3. 4. 2. 0. 2. 1.]) && 1 && [-0.2  0.   0.   0.   0.   0.   0.   0. ] State(map=[1. 0. 0. 0. 0. 7. 2. 0. 2. 1.]) && 1 && [-0.2  0.   0.   0.   0.   0.   0.   0. ] 