State(map=[1. 2. 0. 0. 3. 0. 2. 4. 2. 1.]) && 4 && [21.6932042  22.03983702 17.04453361 30.87675891 31.8        14.67777622
 23.09510427 27.5748468 ] State(map=[1. 2. 0. 3. 0. 0. 2. 4. 2. 1.]) && 3 && [ 0.243846    3.42240951 -1.96826185 30.10451466 14.23419937  0.52937278
  2.97637749  2.75554551] State(map=[1. 2. 0. 0. 0. 3. 2. 4. 2. 1.]) && 7 && [ 7.64661784 12.0987975   4.34130291 10.1501881  19.75461367  3.98961253
 14.55980615 39.10954449] State(map=[1. 2. 0. 0. 0. 3. 4. 0. 2. 1.]) && 4 && [-13.67599421   3.89535877   4.91499599  -4.19997619  26.43027808
 -15.47659786 -16.72168059  -2.89396328] State(map=[1. 2. 0. 0. 0. 7. 0. 0. 2. 1.]) && 4 && [-14.90998482   1.42017953  -3.6425027   -3.48270969   5.20648812
 -11.00773119 -14.42683698  -4.11957336] State(map=[1. 2. 0. 0. 3. 0. 4. 0. 2. 1.]) && 4 && [-15.14642066   6.13144709  -2.58240982  -2.49700288  24.38077414
  -8.40114566 -15.50290356   3.58165856] State(map=[1. 2. 0. 0. 3. 4. 0. 0. 2. 1.]) && 4 && [-13.90193159  -2.95471988  -3.35434935  -4.26922198   8.68809509
 -11.94816986 -13.80453642  -2.34419249] State(map=[1. 2. 0. 0. 0. 4. 3. 0. 2. 1.]) && 6 && [ -3.36779871  -6.21914523 -11.97420084  -2.7512      -6.77091976
  -2.12185396   2.11228282  -3.82364467] State(map=[1. 2. 0. 0. 0. 0. 4. 3. 2. 1.]) && 6 && [-0.94468801 -4.73057822 -2.         -2.87686133 -3.30410647  0.
  6.50399824  1.99967328] State(map=[1. 2. 0. 0. 4. 3. 0. 0. 2. 1.]) && 6 && [ -3.87157618  -7.14157463 -13.74791562  -1.52       -11.32980726
  -4.01463109   1.67022232  -3.31503686] State(map=[1. 2. 0. 0. 7. 0. 0. 0. 2. 1.]) && 4 && [ -9.27419768  -3.79647544  -3.32802847  -0.65441101   3.51388319
 -11.8869298  -11.14665838  -1.79716726] State(map=[1. 2. 0. 4. 3. 0. 0. 0. 2. 1.]) && 6 && [-1.52       -3.59148824 -6.65201021 -3.51748007 -1.84913507 -2.55706618
  1.59020449 -1.8876878 ] State(map=[1. 2. 4. 3. 0. 0. 0. 0. 2. 1.]) && 6 && [ 0.         -3.62941421 -4.59427448  0.         -3.692      -0.74906801
  1.35083    -1.47428   ] State(map=[1. 2. 7. 0. 0. 0. 0. 0. 2. 1.]) && 3 && [0.         0.         0.27281455 5.666924   0.         0.
 0.31537484 0.        ] State(map=[1. 7. 0. 0. 0. 0. 0. 0. 2. 1.]) && 5 && [ -3.33035051 -14.09353268  -4.30018671  -3.92700898 -11.58771332
   4.35405704   3.32199753  -3.35990547] State(map=[1. 4. 3. 0. 0. 0. 0. 0. 2. 1.]) && 1 && [ -4.42843017   3.21138913 -12.0217327   -9.88567786  -3.92392439
 -13.52815183 -13.70181092  -3.75838101] State(map=[1. 4. 0. 3. 0. 0. 0. 0. 2. 1.]) && 1 && [ -2.77157827   3.50416489 -13.94175195 -13.28139212  -3.59918236
 -12.778964   -14.15796999  -4.09080559] State(map=[1. 4. 0. 0. 3. 0. 0. 0. 2. 1.]) && 1 && [ -2.8989716    3.44685356 -10.64195288 -12.45850855  -3.90132466
 -11.92829398  -8.57270503  -2.8207482 ] State(map=[1. 0. 4. 0. 3. 0. 0. 0. 2. 1.]) && 1 && [ -4.12605419   3.79566326  -7.30376452 -12.24849925  -3.89764963
  -9.51392234 -13.4659165   -3.1823834 ] State(map=[1. 0. 0. 4. 3. 0. 0. 0. 2. 1.]) && 1 && [-4.54846806  2.64508005 -8.58947907 -8.06012093 -3.77553425 -9.75826123
 -7.63723235 -3.6421316 ] State(map=[1. 0. 4. 3. 0. 0. 0. 0. 2. 1.]) && 1 && [ -3.59935681   4.18968635 -11.35322288 -12.30046925  -3.22957249
 -12.12247895  -9.53466938  -3.81133988] State(map=[1. 0. 0. 7. 0. 0. 0. 0. 2. 1.]) && 5 && [-12.6966157  -13.28164401  -4.53287268 -14.06403091 -10.3845702
   2.74186417  -3.83117794  -5.34181377] State(map=[1. 4. 0. 0. 0. 3. 0. 0. 2. 1.]) && 1 && [ -3.73177643   3.76848121  -8.71535362  -6.30776116  -3.02503892
 -13.82147548  -5.01383525  -3.14612   ] State(map=[1. 0. 4. 0. 0. 3. 0. 0. 2. 1.]) && 1 && [-3.36346025  2.96712695 -6.08328311 -7.37674881 -3.01392348 -9.0805484
 -5.1847724  -2.7512    ] State(map=[1. 0. 0. 0. 7. 0. 0. 0. 2. 1.]) && 5 && [ -6.48441578  -8.94786716  -2.17689844 -11.95771569 -10.44138919
   2.00918236  -3.98768897  -4.0498208 ] State(map=[1. 0. 0. 3. 4. 0. 0. 0. 2. 1.]) && 5 && [-13.87238665 -11.2852926   -2.30597699  -6.62372795 -12.91928323
   3.63786815  -3.98700485  -3.64995228] State(map=[1. 0. 7. 0. 0. 0. 0. 0. 2. 1.]) && 5 && [ -8.32783633  -6.62372795  -3.53201449 -13.50019091 -12.24480418
   3.67766969  -3.33884313  -5.53219784] State(map=[1. 3. 4. 0. 0. 0. 0. 0. 2. 1.]) && 5 && [-11.00854289  -8.84883243  -3.10246074  -9.99871067  -8.86712988
   3.72782552  -4.3866621   -4.74723839] State(map=[1. 0. 0. 4. 0. 3. 0. 0. 2. 1.]) && 1 && [ -3.47219503   2.2915287  -11.50784842  -9.20700569  -2.95225816
 -11.3906558   -8.03108     -3.48442816] State(map=[1. 0. 0. 4. 0. 0. 3. 0. 2. 1.]) && 1 && [-2.536676    0.96863984 -3.8        -3.56299886 -0.76076    -7.985
 -4.4063876  -1.9628    ] State(map=[1. 0. 0. 0. 0. 7. 0. 0. 2. 1.]) && 5 && [-8.05525364 -5.42        0.         -5.17252196 -5.2725764   1.34226724
 -1.4516     -2.061368  ] State(map=[1. 0. 0. 0. 3. 0. 4. 0. 2. 1.]) && 5 && [-1.87004    -6.48812    -1.31795324 -7.39348513 -5.312       2.97557655
 -0.764      -2.6448596 ] State(map=[1. 0. 0. 0. 3. 0. 0. 4. 2. 1.]) && 7 && [ 0.          0.         -0.5948     -6.58981752  0.          0.
 -0.8         4.1268    ] State(map=[1. 0. 0. 3. 0. 0. 4. 0. 2. 1.]) && 5 && [-7.59078934 -7.3261784  -0.725444   -6.69620807 -6.74219379  3.76197897
 -1.29932    -1.60316   ] State(map=[1. 0. 3. 0. 0. 4. 0. 0. 2. 1.]) && 5 && [-11.90322808 -11.04495201  -2.73776066 -12.41948919  -9.14285286
   2.92943456  -4.56057559  -4.69053502] State(map=[1. 3. 0. 0. 0. 4. 0. 0. 2. 1.]) && 5 && [ -9.61263312 -11.11717694  -3.56009817 -13.03894414 -14.61465891
   3.999713    -4.62687796  -3.85561934] State(map=[1. 0. 3. 0. 0. 0. 4. 0. 2. 1.]) && 5 && [-6.30726834 -5.2148     -3.27258044 -9.11245649 -9.86373517  4.93281294
 -2.70132006 -1.950164  ] State(map=[1. 3. 0. 0. 0. 0. 0. 4. 2. 1.]) && 7 && [-9.31742848  0.         -1.54615836 -7.14941962  0.          3.67864048
 -2.627961   11.84036646] State(map=[1. 3. 0. 0. 0. 0. 0. 0. 4. 1.]) && 0 && [0. 0. 0. 0. 0. 0. 0. 0.] State(map=[1. 2. 3. 0. 0. 0. 4. 0. 2. 1.]) && 4 && [-8.20429277 -0.7029735   0.97343968  1.39822725 22.01096883 -8.7881773
 -8.71747522 -0.88158767] State(map=[1. 3. 0. 0. 0. 0. 4. 0. 2. 1.]) && 5 && [-10.82001096 -10.73557476  -2.5358264  -12.63334566  -5.9352464
   5.89009776  -4.31725932  -3.55979769] State(map=[1. 0. 0. 3. 0. 4. 0. 0. 2. 1.]) && 5 && [-12.30339596   0.          -2.93727654  -9.68666933  -9.92434674
   2.9050712   -1.9499444   -3.78825236] State(map=[1. 0. 0. 0. 3. 4. 0. 0. 2. 1.]) && 5 && [-7.9222808  -7.6959412   0.         -7.54968571 -3.6320996   2.234236
 -2.12876    -1.52      ] State(map=[1. 0. 0. 0. 4. 3. 0. 0. 2. 1.]) && 1 && [-3.82168995  0.87013444 -9.01799404 -8.90249887 -1.7659448  -5.27778956
 -2.         -2.002724  ] State(map=[1. 4. 0. 0. 0. 0. 3. 0. 2. 1.]) && 1 && [-2.44983752  2.71470564 -6.4802459  -3.42003484 -2.24310959 -5.11810292
 -8.90452244 -2.88996164] State(map=[1. 4. 0. 0. 0. 0. 0. 3. 2. 1.]) && 7 && [-0.7316      1.76548    -5.04243337 -1.90244    -2.565836    0.
  0.          2.28      ] State(map=[1. 0. 4. 0. 0. 0. 0. 3. 2. 1.]) && 7 && [-3.27035164  0.4        -5.234636   -3.55567649 -2.168       0.
  0.          4.91412   ] State(map=[1. 0. 4. 0. 0. 0. 0. 0. 3. 1.]) && 0 && [0. 0. 0. 0. 0. 0. 0. 0.] State(map=[1. 2. 0. 0. 0. 3. 2. 0. 4. 1.]) && 6 && [ 7.01724297 -3.59208352  3.85307242 17.66810443  6.12261834 12.19055973
 31.10701615  9.97195269] State(map=[1. 2. 0. 0. 3. 0. 2. 4. 0. 1.]) && 3 && [ 8.61779496 -6.60152893  1.50629894 25.29720127  1.56729772 -2.68339293
  4.5220613  -3.53176951] State(map=[1. 2. 0. 3. 0. 0. 4. 0. 0. 1.]) && 2 && [-11.29238162  -9.60918959  14.79999774   1.10070359   1.53104705
   1.18100404 -11.74684327  -7.82886109] State(map=[1. 2. 3. 0. 0. 0. 0. 4. 0. 1.]) && 2 && [-9.86835181 -9.17366418 11.99994094  0.          0.          2.55229833
 -9.68538672 -9.27067065] State(map=[1. 2. 3. 0. 0. 0. 0. 4. 2. 1.]) && 4 && [-5.13542636  4.67230708  1.55344872  1.39034699 19.93237216 -3.21911372
 -4.82736737  4.13501797] State(map=[1. 2. 0. 3. 0. 0. 0. 4. 2. 1.]) && 4 && [-5.21274365  5.1307291  -2.54555054 -1.70167123 22.76963995 -4.32125106
 -7.03970358  6.69139804] State(map=[1. 2. 0. 3. 4. 0. 0. 0. 2. 1.]) && 4 && [-9.93400167 -2.25951715 -2.07648184 -3.455792    4.01194278 -6.58492424
 -8.103332   -2.84106893] State(map=[1. 2. 0. 3. 0. 4. 0. 0. 2. 1.]) && 4 && [-11.54952625  -2.59160166  -2.72072036  -3.6727243   12.48506614
 -12.9226464   -9.69429111  -2.01064176] State(map=[1. 2. 0. 4. 0. 3. 0. 0. 2. 1.]) && 6 && [-1.29961869 -7.94085572 -5.37428    -2.63395258 -5.05622765 -0.764
  1.15231757 -2.22022832] State(map=[1. 2. 0. 0. 4. 0. 3. 0. 2. 1.]) && 6 && [-3.00770168 -1.95306382 -7.85553648 -2.0963639  -8.38670006 -2.51204878
  2.74112967 -1.06596545] State(map=[1. 2. 0. 0. 4. 0. 0. 3. 2. 1.]) && 6 && [-1.15093052 -4.71844635  0.         -0.67482968 -6.48307793  0.3555266
  4.3152597   0.68338695] State(map=[1. 2. 0. 0. 4. 0. 0. 0. 3. 1.]) && 0 && [ 9.22959958e+00  1.01301727e-02 -1.43222884e+01 -4.66657218e+00
 -1.26132195e+01 -1.31999472e+00  8.46168639e+00 -6.73880718e-01] State(map=[1. 2. 0. 0. 0. 4. 0. 0. 3. 1.]) && 0 && [ 10.80853903   1.63513452 -12.8154557   -2.88237145 -12.41171934
  -0.03320125   9.27621076   1.03654044] State(map=[1. 2. 0. 0. 0. 0. 4. 3. 0. 1.]) && 0 && [ 10.92109203   1.9024345   -9.78046752  -1.3703404   -9.62640143
 -10.04781731  -0.31847811  -9.39488272] State(map=[1. 2. 0. 0. 0. 4. 3. 0. 0. 1.]) && 0 && [  9.34991316   0.99034626 -12.00026067  -3.26875551 -10.18773668
 -12.47354509  -2.67194047 -12.99726786] State(map=[1. 2. 0. 0. 4. 3. 0. 0. 0. 1.]) && 0 && [  6.86819529  -0.84121125 -15.75835553  -3.67843261 -12.2870919
 -13.03187595  -4.35841431 -11.67789942] State(map=[1. 2. 0. 0. 7. 0. 0. 0. 0. 1.]) && 2 && [-13.54255658 -10.65745162   6.54562947  -5.37693287  -1.10867296
  -3.08939999 -13.95048687 -12.24078612] State(map=[1. 2. 0. 4. 3. 0. 0. 0. 0. 1.]) && 0 && [  6.743847    -3.7996938  -13.73967755  -3.69661752 -12.41567438
  -8.92458893  -3.32698329 -13.07710206] State(map=[1. 2. 4. 0. 0. 3. 0. 0. 0. 1.]) && 0 && [  6.83439348  -3.20429097 -10.54414254   0.          -8.40119878
 -10.5322163    0.          -6.87195586] State(map=[1. 2. 4. 0. 0. 0. 3. 0. 0. 1.]) && 0 && [  8.23427285  -3.28306042 -12.17188255   0.         -12.39529246
 -13.23925941   0.          -9.86378267] State(map=[1. 2. 0. 4. 0. 3. 0. 0. 0. 1.]) && 0 && [  5.92299823  -3.10637818 -13.44461186  -3.41354233 -12.11337858
 -12.81753708  -3.91080014 -11.95215304] State(map=[1. 2. 4. 0. 3. 0. 0. 0. 0. 1.]) && 0 && [  5.622708    -2.35408991  -3.32264      0.         -10.25939
 -10.97869051   0.          -4.83146574] State(map=[1. 2. 0. 7. 0. 0. 0. 0. 0. 1.]) && 2 && [-11.49951056  -9.24699076   4.04214613  -4.49290982  -1.8084464
  -2.97169098  -9.4583441  -12.31335448] State(map=[1. 2. 4. 3. 0. 0. 0. 0. 0. 1.]) && 0 && [ 3.252      -2.38600735 -6.48812     0.         -4.29230493 -1.628588
  0.         -7.33166421] State(map=[1. 4. 0. 3. 0. 0. 0. 0. 0. 1.]) && 0 && [0. 0. 0. 0. 0. 0. 0. 0.] State(map=[1. 2. 0. 0. 3. 0. 2. 0. 4. 1.]) && 3 && [ 7.97627035 -7.01141264  7.48456284 24.51999478  5.60639373  0.59269849
 10.2802641   0.7577728 ] State(map=[1. 2. 0. 0. 0. 3. 4. 0. 0. 1.]) && 2 && [-12.80521028  -9.57234351  17.24249801  -1.20407342  -0.78887367
   2.64120636 -12.90983626  -8.28249002] State(map=[1. 2. 0. 0. 0. 0. 7. 0. 0. 1.]) && 2 && [-1.29551924e+01 -8.16050025e+00  1.67743018e+01  2.52293080e-01
  1.49540878e+00 -1.60416461e-02 -1.30446017e+01 -8.85768599e+00] State(map=[1. 2. 0. 0. 0. 7. 0. 0. 0. 1.]) && 2 && [-14.16307183 -11.21570825  12.15304971  -4.74591622   0.69366476
  -1.60824262 -14.52379984  -9.593416  ] State(map=[1. 2. 0. 0. 3. 0. 4. 0. 0. 1.]) && 2 && [-11.32298226 -10.80630031  17.17356705  -0.52593158  -0.1986506
   2.45855588 -10.93870685 -10.55805868] State(map=[1. 2. 0. 0. 3. 4. 0. 0. 0. 1.]) && 2 && [-15.48964794 -11.07308825  13.66346844  -4.96122818  -0.42770825
  -1.28914346 -14.77805317 -10.28298394] State(map=[1. 2. 0. 0. 3. 0. 0. 4. 0. 1.]) && 2 && [ -9.6770818   -7.88185719  17.31021403  -1.09226463   3.19977324
   2.41867462 -10.45572515  -8.47039133] State(map=[1. 2. 0. 3. 0. 0. 0. 4. 0. 1.]) && 2 && [-1.24577243e+01 -1.04501325e+01  1.47993035e+01  1.25807418e+00
 -6.11579837e-03  1.69035975e+00 -9.74375604e+00 -8.29682050e+00] State(map=[1. 2. 0. 0. 3. 0. 0. 0. 4. 1.]) && 4 && [-9.76361716  4.19031239 13.88395646  2.40265802 17.31872407  5.3083413
 -8.89696732  5.03625211] State(map=[1. 2. 0. 0. 0. 3. 0. 0. 4. 1.]) && 2 && [-9.08824873  4.62065608 19.56452193  1.93338037 16.1114406   6.99964943
 -7.39123181  6.45893171] State(map=[1. 2. 0. 0. 0. 3. 0. 4. 0. 1.]) && 2 && [-9.31982292 -8.76534354 19.53507771  2.95617184  3.28855573  3.68776962
 -9.70145463 -3.4020345 ] State(map=[1. 2. 0. 0. 0. 0. 3. 0. 4. 1.]) && 4 && [-6.942186    6.95159598 15.71065971  2.32926906 21.56076307  7.61164226
 -8.26796896  7.49433919] State(map=[1. 2. 0. 0. 0. 0. 3. 4. 0. 1.]) && 2 && [ -7.94227099  -5.01420862  21.4718184    1.69418901   4.33716015
   3.43243316 -11.83756399  -4.93589623] State(map=[1. 2. 0. 0. 0. 0. 0. 3. 4. 1.]) && 2 && [-8.69163991  6.31596433 20.9608183   2.17527502 16.83246047  7.07467462
 -8.58570384  6.51194732] State(map=[1. 2. 0. 0. 0. 0. 0. 0. 7. 1.]) && 4 && [-8.45045273  7.02479766 16.67634422  3.5374967  17.91523996  6.65771669
 -8.67879345  6.81388439] State(map=[1. 2. 0. 0. 0. 0. 0. 4. 3. 1.]) && 0 && [14.07902059  6.29549262 -9.21387882 -0.50510419 -6.07780272  3.07322103
 13.84724015  7.05317704] State(map=[1. 2. 0. 0. 0. 0. 4. 0. 3. 1.]) && 0 && [ 12.76341453   2.59557249 -12.20758741  -0.89500065  -9.76170961
   1.90910483  11.81753304   2.36737345] State(map=[1. 2. 0. 3. 0. 0. 0. 0. 4. 1.]) && 2 && [-10.46343985   2.3119021   14.79999718   1.12413327  13.06871071
   3.73154522 -10.10973979   3.13964989] State(map=[1. 3. 0. 0. 0. 0. 4. 0. 0. 1.]) && 0 && [0. 0. 0. 0. 0. 0. 0. 0.] State(map=[1. 2. 0. 3. 0. 0. 4. 0. 2. 1.]) && 4 && [-13.62895782   0.03352871  -2.99153459  -2.90251016  21.72562326
 -11.79010697 -13.3588217    4.33341417] State(map=[1. 2. 3. 0. 0. 0. 0. 0. 4. 1.]) && 4 && [-10.11572524   0.15229059  10.93644743   0.          11.99999999
   1.31929828  -9.92690835   3.1050674 ] State(map=[1. 2. 0. 0. 4. 0. 3. 0. 0. 1.]) && 0 && [  7.89526813  -1.50465866 -14.12517328  -4.34480316 -11.29375762
 -14.25841385  -4.64966829 -13.22057832] State(map=[1. 2. 0. 0. 0. 4. 0. 3. 0. 1.]) && 0 && [  9.24772297  -0.77968369 -12.99756265  -2.85479695  -9.19236617
 -11.823564    -1.16984741 -10.17950354] State(map=[1. 2. 0. 0. 0. 0. 0. 7. 0. 1.]) && 2 && [-12.16069501  -6.9477891   15.63862885   2.8964725    4.88993029
   1.68921366  -9.95350519  -5.15463325] State(map=[1. 3. 0. 0. 0. 0. 0. 4. 0. 1.]) && 0 && [0. 0. 0. 0. 0. 0. 0. 0.] State(map=[1. 2. 0. 3. 0. 0. 2. 0. 4. 1.]) && 3 && [12.47779315 -0.22930831 12.4777355  22.         12.47710711  1.99280905
 14.59538855  2.02340086] State(map=[1. 2. 0. 3. 0. 0. 2. 4. 0. 1.]) && 3 && [ 9.38028727 -3.16761094  4.7633337  22.79999994  6.13279139 -0.93868692
 12.51836528 -2.16478433] State(map=[1. 2. 3. 0. 0. 0. 4. 0. 0. 1.]) && 2 && [-9.64396496 -9.00425978 12.          0.          0.          3.02254023
 -8.77167558 -7.73758471] State(map=[1. 2. 0. 3. 0. 4. 0. 0. 0. 1.]) && 2 && [-15.88237569 -10.0805426   14.04026699  -4.43160638  -0.54951188
  -1.04240277 -14.64488507 -10.04495083] State(map=[1. 2. 0. 3. 4. 0. 0. 0. 0. 1.]) && 2 && [-14.51829468  -8.69000759   7.69650176  -3.42494558  -0.23494031
  -3.39344188 -12.84545138 -10.0311654 ] State(map=[1. 2. 3. 0. 4. 0. 0. 0. 0. 1.]) && 2 && [-5.73534585 -4.48941596  8.61084556  0.          0.         -2.2484886
 -9.30297255 -6.52589025] State(map=[1. 3. 0. 4. 0. 0. 0. 0. 0. 1.]) && 0 && [0. 0. 0. 0. 0. 0. 0. 0.] State(map=[1. 2. 3. 0. 0. 4. 0. 0. 0. 1.]) && 2 && [-1.26282358e+01 -6.90429884e+00  1.19381547e+01  0.00000000e+00
  0.00000000e+00  6.46029688e-03 -1.07715865e+01 -8.79904735e+00] State(map=[1. 3. 0. 0. 0. 4. 0. 0. 0. 1.]) && 0 && [0. 0. 0. 0. 0. 0. 0. 0.] State(map=[1. 2. 3. 4. 0. 0. 0. 0. 0. 1.]) && 2 && [-4.89332     0.          6.83439348  0.          0.         -1.77180685
 -1.70732    -4.80437923] State(map=[1. 2. 7. 0. 0. 0. 0. 0. 0. 1.]) && 3 && [ 0.       -2.        2.28      3.8       0.       -1.950164  0.
  0.      ] State(map=[1. 2. 4. 0. 0. 3. 0. 0. 2. 1.]) && 6 && [ 0.074556    0.          0.          0.44809723 -2.          0.
  2.44868124 -1.33326968] State(map=[1. 4. 0. 0. 0. 0. 0. 0. 3. 1.]) && 0 && [0. 0. 0. 0. 0. 0. 0. 0.] State(map=[1. 2. 3. 0. 0. 0. 2. 0. 4. 1.]) && 3 && [ 2.26454615 -5.5549745   7.01299461 22.7999827   6.81861741 -3.33023226
  5.97892403 -6.66862329] State(map=[1. 2. 0. 0. 4. 0. 0. 3. 0. 1.]) && 0 && [  7.39916138  -2.03962875 -14.5387598   -3.89483838 -13.62523371
 -11.76680311  -1.99467201 -11.55369977] State(map=[1. 2. 0. 4. 0. 0. 0. 3. 0. 1.]) && 0 && [  5.55440383  -3.06781046 -14.5934909   -3.50371206 -13.82361715
 -10.67069652  -2.26405624 -12.17504161] State(map=[1. 2. 0. 4. 0. 0. 0. 0. 3. 1.]) && 0 && [  8.7156801   -2.04950335 -14.38251635  -4.43811722 -12.26755312
  -2.59023581   7.27792151  -1.43468881] State(map=[1. 4. 0. 0. 3. 0. 0. 0. 0. 1.]) && 0 && [0. 0. 0. 0. 0. 0. 0. 0.] State(map=[1. 2. 0. 0. 0. 3. 2. 4. 0. 1.]) && 6 && [ 3.73980376 -5.61883121  3.21743728 13.25277962 -0.79129375  7.62794755
 29.30328052  5.46325051] State(map=[1. 2. 4. 0. 0. 0. 0. 3. 0. 1.]) && 0 && [  5.622708    -2.80443359 -13.08152922   0.          -8.71682243
 -10.43854766   0.         -10.43317028] State(map=[1. 4. 0. 0. 0. 0. 3. 0. 0. 1.]) && 0 && [0. 0. 0. 0. 0. 0. 0. 0.] State(map=[1. 2. 0. 0. 3. 0. 0. 4. 2. 1.]) && 4 && [-8.54415871  6.16782602  1.74610339 -2.06158837 25.26121293 -9.06344674
 -8.80903951  5.78882672] State(map=[1. 2. 4. 0. 0. 0. 0. 0. 3. 1.]) && 0 && [  8.94976101  -2.09181705 -11.42077856   0.         -12.53277209
  -1.82042324   5.622708    -2.27459618] State(map=[1. 2. 0. 0. 0. 0. 3. 4. 2. 1.]) && 4 && [-8.19465362  4.20634211 -1.85915616 -0.41430898 12.8817362  -7.33068996
 -1.55783241  3.7326665 ] State(map=[1. 2. 0. 0. 0. 0. 0. 7. 2. 1.]) && 4 && [-1.55783241  1.88209817 -1.07646439 -1.14512678  3.95560505  2.04184424
  1.82831948  2.35102329] State(map=[1. 2. 0. 4. 0. 0. 3. 0. 0. 1.]) && 0 && [  6.56567308  -3.00219106 -14.03381767  -4.02269548 -12.75541772
 -15.38290002  -4.59713142 -10.05767873] State(map=[1. 2. 0. 0. 0. 0. 7. 0. 2. 1.]) && 4 && [-13.09838771  -2.35889517  -1.21841306  -3.39749223  12.27004761
  -7.66126688 -10.02888535  -3.28418894] State(map=[1. 4. 0. 0. 0. 0. 0. 3. 0. 1.]) && 0 && [0. 0. 0. 0. 0. 0. 0. 0.] State(map=[1. 2. 0. 0. 0. 3. 0. 4. 2. 1.]) && 4 && [-9.00831983e+00  6.77970444e+00  2.28610347e-02 -1.70216756e+00
  2.44608329e+01 -6.84389114e+00 -8.74718755e+00  7.26937641e+00] State(map=[1. 2. 3. 0. 0. 0. 2. 4. 0. 1.]) && 3 && [10.68995325  0.37541139 10.5664902  20.         14.62863053  0.4248857
 13.26768913 -0.26745409] State(map=[1. 3. 0. 0. 0. 0. 2. 0. 4. 1.]) && 5 && [-11.5977369    0.09554704  -2.4674611  -10.92129367  -1.56193113
  18.62391246  -3.33089257  11.58175024] State(map=[1. 3. 0. 0. 0. 0. 2. 4. 0. 1.]) && 6 && [  0.         -11.52813471  -0.22910815   0.         -10.10604243
   6.26095798  11.99999958  -1.63329006] State(map=[1. 2. 3. 0. 0. 4. 0. 0. 2. 1.]) && 4 && [-7.71847765 -1.07439725  0.5013357   0.36148888  7.14378694 -8.46343024
 -9.33692674  0.20886123] State(map=[1. 0. 3. 0. 0. 0. 0. 4. 2. 1.]) && 7 && [-3.764       0.         -3.16709828 -3.51373916  0.          2.1687628
 -2.00888     8.23427285] State(map=[1. 0. 3. 4. 0. 0. 0. 0. 2. 1.]) && 5 && [-12.99936835  -6.13377799  -3.44559024  -9.28585882 -11.53515211
   2.97298789  -4.10229006  -3.27355808] State(map=[1. 0. 3. 0. 4. 0. 0. 0. 2. 1.]) && 5 && [-12.79933867 -10.80727904  -4.16976421  -5.02131236 -13.20773981
   3.83873231  -3.90752071  -4.17647783] State(map=[1. 0. 0. 0. 0. 3. 4. 0. 2. 1.]) && 5 && [-5.3516     -3.76076    -0.676196   -3.6668     -5.1176      2.11158677
 -0.696284   -2.07044   ] State(map=[1. 0. 0. 0. 0. 3. 0. 0. 4. 1.]) && 0 && [0. 0. 0. 0. 0. 0. 0. 0.] State(map=[1. 0. 3. 0. 0. 0. 4. 0. 0. 1.]) && 0 && [0. 0. 0. 0. 0. 0. 0. 0.] State(map=[1. 2. 0. 0. 0. 4. 0. 3. 2. 1.]) && 6 && [-2.01451718 -3.94966056 -6.65042598  0.         -4.46228765  4.7544388
  7.83111334  3.45477926] State(map=[1. 0. 3. 0. 0. 0. 0. 0. 4. 1.]) && 0 && [0. 0. 0. 0. 0. 0. 0. 0.] State(map=[1. 3. 0. 0. 4. 0. 0. 0. 2. 1.]) && 5 && [ -9.80193433 -10.06456943  -1.98307204 -13.12511371 -12.97784353
   4.52187261  -4.34228121  -5.58614323] State(map=[1. 0. 0. 3. 0. 0. 0. 0. 4. 1.]) && 0 && [0. 0. 0. 0. 0. 0. 0. 0.] State(map=[1. 3. 0. 0. 4. 0. 0. 0. 0. 1.]) && 0 && [0. 0. 0. 0. 0. 0. 0. 0.] State(map=[1. 0. 0. 0. 0. 0. 7. 0. 2. 1.]) && 5 && [-3.5740712  -6.8096     -0.6426538  -1.92226556 -5.38076     2.2147312
 -0.692       0.        ] State(map=[1. 0. 0. 0. 0. 3. 0. 4. 2. 1.]) && 5 && [ 0.         0.        -0.692     -3.5647724  0.         0.8284
 -0.764      0.       ] State(map=[1. 0. 0. 0. 3. 0. 0. 0. 4. 1.]) && 0 && [0. 0. 0. 0. 0. 0. 0. 0.] State(map=[1. 2. 0. 4. 0. 0. 3. 0. 2. 1.]) && 6 && [ 0.         -5.19985006 -3.6959639   0.         -3.6528032  -0.673532
  1.39078131 -1.51990021] State(map=[1. 2. 4. 0. 0. 0. 0. 3. 2. 1.]) && 5 && [ 0.          0.         -3.77479056  0.16868124  0.          0.61509541
  0.          0.        ] State(map=[1. 2. 4. 0. 0. 0. 3. 0. 2. 1.]) && 0 && [ 0.39951796  0.         -1.892       0.         -2.          0.
  0.         -1.03502827] State(map=[1. 3. 0. 4. 0. 0. 0. 0. 2. 1.]) && 5 && [-10.15481889  -8.33613073  -4.72592216  -7.12366147 -12.63964118
   2.19128107  -2.44977859  -4.63387269] State(map=[1. 4. 0. 0. 0. 3. 0. 0. 0. 1.]) && 0 && [0. 0. 0. 0. 0. 0. 0. 0.] State(map=[1. 0. 3. 0. 0. 0. 2. 4. 0. 1.]) && 6 && [  0.         -10.13560775  -1.11770475   0.          -9.942231
   0.76         8.23427285   0.        ] State(map=[1. 0. 3. 0. 0. 0. 2. 0. 4. 1.]) && 7 && [-14.01903972  -0.06574202  -1.56886482  -9.50859654  -0.94447498
   6.31316406  -3.11174968  17.80758914] State(map=[1. 2. 3. 4. 0. 0. 0. 0. 2. 1.]) && 4 && [-1.82       -1.59166174  0.          0.44545481  1.2        -3.7316
 -1.8784253  -0.43892515] State(map=[1. 2. 0. 7. 0. 0. 0. 0. 2. 1.]) && 4 && [-5.09053256 -0.64913507 -2.45852    -0.84797684  1.61765546 -7.9689004
 -6.83693299 -1.18538765] State(map=[1. 2. 3. 0. 4. 0. 0. 0. 2. 1.]) && 4 && [ 0.         -0.59859254  0.11833288  0.33749461  3.94267228 -6.15381698
 -9.82146012 -0.76563189] State(map=[1. 0. 0. 3. 0. 0. 2. 4. 0. 1.]) && 6 && [ 0.          0.          0.          0.         -3.4709002   0.
  6.83439348  0.        ] State(map=[1. 0. 0. 3. 0. 0. 2. 0. 4. 1.]) && 5 && [-3.13936065 -1.29634899 -1.36291595 -4.34261468 -1.40617372 16.46017799
 -1.699388    2.36826563] State(map=[1. 0. 0. 0. 3. 0. 2. 4. 0. 1.]) && 6 && [ 0.         0.         0.         0.        -3.7316     0.
  6.2604372 -0.8      ] State(map=[1. 0. 0. 0. 0. 3. 2. 0. 4. 1.]) && 7 && [-3.8         0.          1.13338782 -5.94233228 -0.04427345  1.2
  0.         11.92364777] State(map=[1. 0. 0. 0. 0. 3. 2. 4. 0. 1.]) && 0 && [ 0.     0.    -0.692  0.     0.     0.     0.     0.   ] State(map=[1. 0. 0. 0. 0. 0. 3. 0. 4. 1.]) && 0 && [0. 0. 0. 0. 0. 0. 0. 0.] State(map=[1. 0. 0. 0. 3. 0. 2. 0. 4. 1.]) && 7 && [-4.9777292  -0.19159064 -0.67004    -3.41012     0.28740849  3.11704286
 -2.168      14.46831081] State(map=[1. 0. 0. 0. 0. 3. 4. 0. 0. 1.]) && 0 && [0. 0. 0. 0. 0. 0. 0. 0.] State(map=[1. 0. 4. 0. 0. 0. 3. 0. 2. 1.]) && 1 && [-2.20382072  1.084      -3.5647724  -7.4660273  -4.07126163 -8.14420388
 -3.5795468  -3.416912  ] State(map=[1. 0. 0. 4. 0. 0. 0. 3. 2. 1.]) && 7 && [-1.88172548  0.868       0.         -1.90244    -1.99662956  0.
  0.          2.28      ] State(map=[1. 2. 0. 4. 0. 0. 0. 3. 2. 1.]) && 6 && [ 0.         -1.76084878 -3.67004    -1.47210207 -1.75329833  0.65501294
  2.836092    0.82895038] State(map=[1. 0. 0. 0. 4. 0. 3. 0. 2. 1.]) && 1 && [-1.43282241  1.220116   -3.76076    -8.74183183  0.         -6.40064
 -3.4976     -1.412     ] State(map=[1. 0. 0. 0. 0. 4. 0. 3. 2. 1.]) && 7 && [-1.412   0.      0.      0.     -0.8     0.      0.      4.1268] State(map=[1. 0. 0. 0. 0. 0. 4. 0. 3. 1.]) && 0 && [0. 0. 0. 0. 0. 0. 0. 0.] State(map=[1. 0. 0. 3. 0. 0. 0. 4. 2. 1.]) && 7 && [-1.8936596   0.         -1.59508268  0.          0.          0.6052
 -1.7472244   4.1268    ] State(map=[1. 4. 3. 0. 0. 0. 0. 0. 0. 1.]) && 0 && [0. 0. 0. 0. 0. 0. 0. 0.] State(map=[1. 2. 4. 0. 3. 0. 0. 0. 2. 1.]) && 3 && [ 0.274986   -2.         -3.6784253   0.56591101 -3.59285101 -1.3148
  0.          0.        ] State(map=[1. 3. 4. 0. 0. 0. 0. 0. 0. 1.]) && 0 && [0. 0. 0. 0. 0. 0. 0. 0.] State(map=[1. 0. 0. 4. 0. 0. 0. 0. 3. 1.]) && 0 && [0. 0. 0. 0. 0. 0. 0. 0.] State(map=[1. 0. 0. 0. 0. 4. 3. 0. 2. 1.]) && 1 && [-1.34282672  1.832476   -1.964      -2.          0.         -3.41012
 -1.7948      0.        ] State(map=[1. 0. 0. 0. 0. 0. 3. 4. 2. 1.]) && 5 && [-1.964   0.      0.     -3.8     0.      0.76   -1.4516  0.    ] State(map=[1. 0. 0. 0. 4. 0. 0. 3. 2. 1.]) && 7 && [-1.412       0.508      -5.2835924  -1.95411706  0.          0.
  0.          2.28      ] State(map=[1. 0. 0. 3. 0. 0. 4. 0. 0. 1.]) && 0 && [0. 0. 0. 0. 0. 0. 0. 0.] State(map=[1. 0. 0. 0. 3. 0. 4. 0. 0. 1.]) && 0 && [0. 0. 0. 0. 0. 0. 0. 0.] State(map=[1. 0. 0. 0. 0. 0. 4. 3. 2. 1.]) && 1 && [-0.5948  1.3756  0.      0.     -1.484   0.      0.      0.    ] State(map=[1. 0. 0. 0. 0. 0. 0. 7. 2. 1.]) && 5 && [-1.90244     0.          0.         -3.59850728  0.          1.2
  0.          0.        ] State(map=[1. 0. 0. 0. 0. 0. 0. 3. 4. 1.]) && 0 && [0. 0. 0. 0. 0. 0. 0. 0.] State(map=[1. 7. 0. 0. 0. 0. 0. 0. 0. 1.]) && 0 && [0. 0. 0. 0. 0. 0. 0. 0.] State(map=[1. 2. 3. 0. 0. 0. 2. 4. 2. 1.]) && 4 && [ 0.          0.44988253  0.          2.50679817 11.69689876  0.
  0.32905951  1.97996166] State(map=[1. 3. 0. 0. 0. 0. 2. 4. 2. 1.]) && 6 && [0.       0.       0.       0.       0.       0.       1.274556 0.      ] State(map=[1. 0. 0. 0. 0. 4. 0. 0. 3. 1.]) && 0 && [0. 0. 0. 0. 0. 0. 0. 0.] State(map=[1. 0. 0. 0. 4. 0. 0. 0. 3. 1.]) && 0 && [0. 0. 0. 0. 0. 0. 0. 0.] State(map=[1. 0. 0. 0. 0. 0. 0. 4. 3. 1.]) && 0 && [0. 0. 0. 0. 0. 0. 0. 0.] final