State(map=[1. 2. 0. 0. 3. 0. 2. 4. 2. 1.]) && 7 && [21.87680761 39.17113109  6.83627987 12.0304491  19.22484222 27.07058768
 39.9601632  40.319652  ] State(map=[1. 2. 0. 0. 0. 3. 4. 0. 2. 1.]) && 7 && [-15.33171767   0.34782295  -7.06776571 -15.61299576  -1.57387758
  -4.32810874  -5.71799848  32.82267693] State(map=[1. 2. 0. 0. 0. 4. 3. 0. 2. 1.]) && 7 && [-11.19518748  -2.09554792 -12.25300301 -13.71738271  -2.3257581
  -2.37004898  -3.66533997   3.23589911] State(map=[1. 2. 0. 0. 0. 0. 7. 0. 2. 1.]) && 7 && [-12.49629698  -1.23639414 -10.22027993 -10.05374369  -1.27212632
  -3.1701084   -2.07853008  13.08579437] State(map=[1. 2. 0. 0. 0. 0. 4. 3. 2. 1.]) && 7 && [ 0.         -1.01067358 -7.56102812 -4.87142838 -0.52477875  2.99905538
  1.5586729   5.25643766] State(map=[1. 2. 0. 0. 4. 0. 0. 3. 2. 1.]) && 6 && [-1.08007172 -5.28530271 -1.94316129 -2.55943783 -5.14128104  0.49544608
  2.40996     0.45665479] State(map=[1. 2. 0. 0. 4. 0. 0. 0. 3. 1.]) && 3 && [ -2.67661044 -12.8664172   -1.92540071   8.82171069  -1.35828987
 -13.21903448  -3.20237935 -12.91866802] State(map=[1. 2. 0. 0. 0. 4. 0. 0. 3. 1.]) && 3 && [ -1.52267924 -11.41495857  -1.39077799  10.71191604   0.7642005
 -12.18434768  -1.37226763 -11.17013907] State(map=[1. 2. 0. 0. 4. 0. 0. 3. 0. 1.]) && 3 && [ -3.35175748 -13.50702869  -3.03880663  11.84122126  -0.13434162
 -12.6224462   -3.36787033 -11.9452206 ] State(map=[1. 2. 0. 0. 0. 4. 0. 3. 0. 1.]) && 3 && [ -2.50831314  -9.77491753  -1.23033736  16.54047584   1.53857398
 -12.69523349  -1.53692826 -11.60165868] State(map=[1. 2. 0. 0. 0. 0. 4. 0. 3. 1.]) && 3 && [ -0.79452366  -8.87157668   1.37083142  12.63463363   1.36857757
 -11.13484929  -0.59358402  -8.71224152] State(map=[1. 2. 0. 4. 0. 0. 0. 3. 0. 1.]) && 3 && [ -2.21264775 -13.75725249  -4.1913305    8.08945883  -3.29654881
 -13.38119932  -2.39645284 -12.51612136] State(map=[1. 2. 0. 0. 0. 4. 3. 0. 0. 1.]) && 3 && [ -1.47615034  -3.91094656   5.53395428  19.58246532   3.58147217
 -11.02745676  -0.65936572  -8.71401724] State(map=[1. 2. 0. 0. 0. 0. 4. 3. 0. 1.]) && 3 && [ -0.27393707  -7.63303707   0.88892404  21.47665841   3.74932087
 -11.06348205   0.26987054  -8.20609399] State(map=[1. 2. 4. 0. 0. 0. 3. 0. 0. 1.]) && 3 && [ 0.         -7.3845612  -2.35424219  8.23427285 -0.14490881 -9.17137737
  0.         -6.73289985] State(map=[1. 4. 0. 0. 0. 0. 3. 0. 0. 1.]) && 0 && [0. 0. 0. 0. 0. 0. 0. 0.] State(map=[1. 2. 0. 3. 0. 0. 2. 4. 2. 1.]) && 3 && [ 4.81820791  4.81920005 -3.11106833 31.0582101  14.9558024   4.61443208
  7.42629307 13.64662029] State(map=[1. 2. 0. 0. 3. 0. 2. 0. 4. 1.]) && 6 && [ 7.25473078  0.07463754 -9.13901211  2.25669868 -9.10081941 15.7209441
 43.77005219 12.22486787] State(map=[1. 2. 0. 3. 0. 0. 2. 0. 4. 1.]) && 3 && [  0.48875839 -11.0359471    3.96408725  21.82259545   3.29956278
  -4.40344838   2.7788039   -6.58668091] State(map=[1. 2. 0. 0. 3. 0. 2. 4. 0. 1.]) && 6 && [  6.06031574   4.41581408 -10.48373619   5.29049028  -8.55310599
   8.55428029  29.34360378   8.49722961] State(map=[1. 2. 0. 0. 0. 3. 2. 4. 0. 1.]) && 6 && [1.05369674e+01 4.95843078e+00 3.82938475e-02 8.93932688e+00
 1.75184311e+00 1.17358699e+01 4.41900845e+01 1.44021468e+01] State(map=[1. 2. 0. 0. 0. 3. 2. 0. 4. 1.]) && 6 && [31.39546606  8.27372316 19.095235   17.60952153 18.82758675 19.39808803
 31.46628    19.32685873] State(map=[1. 2. 0. 3. 0. 0. 4. 0. 0. 1.]) && 3 && [ 1.50865374 -9.44716353  0.67446825 14.79999355 -0.35168273 -9.82309747
  2.5143632  -6.29311517] State(map=[1. 2. 3. 0. 0. 0. 4. 0. 0. 1.]) && 3 && [ -0.14652558 -12.21709905   0.          11.99808879   0.
 -10.58761557   0.25149256  -8.68268694] State(map=[1. 3. 0. 0. 0. 0. 0. 4. 0. 1.]) && 0 && [0. 0. 0. 0. 0. 0. 0. 0.] State(map=[1. 2. 0. 0. 3. 0. 4. 0. 0. 1.]) && 3 && [ 6.30753186 -6.44356036  3.03076038 17.32        3.54456315 -5.62746595
  7.62474858 -5.13913905] State(map=[1. 2. 0. 3. 0. 4. 0. 0. 0. 1.]) && 3 && [ 2.83352547 -8.96804274  2.18696101 14.8         2.26341512 -6.97774674
  8.28391893 -6.36111176] State(map=[1. 2. 3. 0. 0. 0. 0. 4. 0. 1.]) && 3 && [ 1.06245394 -9.46575026  0.         11.75669328  0.         -8.79495027
  0.19610152 -9.82609262] State(map=[1. 2. 0. 0. 0. 3. 2. 4. 2. 1.]) && 7 && [ 2.80170696 11.84125832  3.69693874  7.02401049  8.39451156 12.4069646
 16.08533851 39.35809023] State(map=[1. 2. 0. 0. 0. 0. 3. 0. 4. 1.]) && 3 && [ 8.87931509 -2.31198433  7.11089914 21.62919739  6.53415715 -6.20076003
  9.11175253 -6.1371013 ] State(map=[1. 2. 0. 0. 0. 3. 0. 4. 0. 1.]) && 3 && [ 5.61360075 -5.17203518  4.78250419 19.58799996  4.8766846  -4.15201221
 10.7451708  -4.74753576] State(map=[1. 2. 0. 0. 0. 3. 0. 0. 4. 1.]) && 3 && [ 5.2754892  -7.01794329  2.69435937 19.57982838  3.21932364 -7.09068822
  5.12013251 -5.43518848] State(map=[1. 2. 0. 0. 3. 0. 0. 4. 0. 1.]) && 3 && [ 1.53166381 -8.87684024  2.98411246 17.31982113  0.11255662 -7.05151609
  4.9555602  -7.26443399] State(map=[1. 2. 0. 0. 0. 3. 4. 0. 0. 1.]) && 3 && [14.57136065 -2.6667109   7.22758185 19.588       7.48096277  3.90540035
  9.00365913 -0.83486877] State(map=[1. 2. 0. 0. 0. 0. 0. 7. 0. 1.]) && 3 && [ 2.9551206  -7.12485623  3.74263264 28.16956785  4.16883986 -8.20408152
  1.10817462 -6.77421607] State(map=[1. 2. 0. 0. 0. 0. 0. 4. 3. 1.]) && 3 && [ 0.97158511 -9.05663507  1.25767767 18.77150281  2.76883464 -8.30038769
  0.64592099 -7.93127791] State(map=[1. 2. 0. 0. 0. 0. 3. 4. 0. 1.]) && 3 && [15.81728612 -0.64440499  9.47825793 21.6292      9.5460664   5.08977549
 10.56632826  1.04047741] State(map=[1. 2. 0. 0. 3. 4. 0. 0. 0. 1.]) && 3 && [12.9292801  -4.71558239  5.21736058 17.32        5.01655401  2.31103603
  7.18892002 -3.50204257] State(map=[1. 2. 3. 0. 0. 4. 0. 0. 0. 1.]) && 3 && [-0.70557125 -9.52181659  0.         11.99999991  0.         -9.17091263
 -0.63606608 -6.95217929] State(map=[1. 2. 0. 3. 4. 0. 0. 0. 0. 1.]) && 3 && [10.88773555 -6.74503356  2.49448207 14.8         2.64818319 -0.58820414
  5.05254559 -4.49005125] State(map=[1. 2. 0. 7. 0. 0. 0. 0. 0. 1.]) && 3 && [ 1.24631783 -7.1539229  -1.07707743 22.          0.75334251 -8.31649482
  0.83126307 -1.57721645] State(map=[1. 2. 3. 4. 0. 0. 0. 0. 0. 1.]) && 3 && [ 9.41453728 -9.26032325  0.         12.          0.         -1.86021214
  2.56563718 -6.82333573] State(map=[1. 2. 3. 0. 4. 0. 0. 0. 0. 1.]) && 3 && [ 0.14899377 -8.54831795  0.         12.          0.         -7.52010059
  6.21072288 -7.89868845] State(map=[1. 3. 0. 4. 0. 0. 0. 0. 0. 1.]) && 0 && [0. 0. 0. 0. 0. 0. 0. 0.] State(map=[1. 2. 0. 0. 0. 0. 0. 3. 4. 1.]) && 3 && [ 5.09757746 -7.95115833  5.27571879 23.46562672  4.12538548 -7.59404273
  4.54013953 -6.92660879] State(map=[1. 2. 0. 0. 0. 0. 0. 0. 7. 1.]) && 3 && [ 3.67294577 -9.05381657  3.78625303 24.2909316   3.7445313  -8.71969556
  3.07239901 -6.28843853] State(map=[1. 2. 0. 0. 0. 0. 7. 0. 0. 1.]) && 3 && [ 6.14806541 -7.3728585   5.4691755  26.87799995  6.58560892 -5.96879957
  3.00380032 -5.66299851] State(map=[1. 2. 0. 0. 0. 7. 0. 0. 0. 1.]) && 3 && [ 5.20614517 -5.61067643  2.23551664 25.42        4.80179108 -5.02925486
  2.33755192 -7.84662617] State(map=[1. 2. 0. 0. 4. 3. 0. 0. 0. 1.]) && 3 && [ -0.28084749  -7.9935764    1.32190463  17.31986525   0.36718637
 -11.0895631   -0.39312464  -9.01993639] State(map=[1. 2. 0. 0. 4. 0. 3. 0. 0. 1.]) && 3 && [ -3.3758017  -12.17505718  -3.21066465  16.44713665  -2.94354151
 -12.44286478  -3.33223807 -10.83301843] State(map=[1. 2. 0. 4. 0. 3. 0. 0. 0. 1.]) && 3 && [ -2.22423168 -11.73380124  -1.93410036  14.68300875   0.75374307
 -12.44798397  -3.30036454 -10.65692102] State(map=[1. 2. 4. 0. 0. 3. 0. 0. 0. 1.]) && 3 && [ 0.         -9.75153112 -1.40107754 11.54217549 -2.12341512 -6.7020674
  0.         -9.9832431 ] State(map=[1. 2. 0. 4. 0. 0. 3. 0. 0. 1.]) && 3 && [ -3.23363504 -14.10970182  -3.72752649  12.90560351  -3.43427817
 -12.43832715  -1.25995216 -13.23557284] State(map=[1. 2. 4. 0. 0. 0. 0. 3. 0. 1.]) && 3 && [  0.         -12.2264433   -3.67365997   9.25478491  -2.88999213
  -6.57436323   0.          -8.39508036] State(map=[1. 2. 0. 4. 0. 0. 0. 0. 3. 1.]) && 3 && [ -1.91621204 -12.82638291  -3.4761402    7.79787137  -2.53175974
 -14.81702089  -2.44836213 -13.23989594] State(map=[1. 2. 4. 0. 0. 0. 0. 0. 3. 1.]) && 3 && [  0.         -10.76019085  -1.66373857   8.23427285  -2.5869615
 -12.96474735   0.         -11.42142936] State(map=[1. 2. 0. 4. 3. 0. 0. 0. 0. 1.]) && 3 && [ -1.05089249 -10.73786272   2.50367142  14.79999791  -1.08072395
  -9.69436227  -0.48828253  -7.75755028] State(map=[1. 2. 4. 0. 3. 0. 0. 0. 0. 1.]) && 3 && [  0.         -10.14251594   0.24562788  11.98968595   0.15299883
  -9.40913615   0.          -4.44826084] State(map=[1. 4. 0. 3. 0. 0. 0. 0. 0. 1.]) && 0 && [0. 0. 0. 0. 0. 0. 0. 0.] State(map=[1. 2. 3. 0. 0. 0. 4. 0. 2. 1.]) && 4 && [-12.63837287  -2.62258916   2.31336956   2.67827755  22.09760522
 -11.8061296  -11.39242504   1.42921615] State(map=[1. 2. 0. 3. 0. 4. 0. 0. 2. 1.]) && 4 && [-15.30083751  -3.47384415  -3.75988296  -2.3703234    8.39671873
 -13.01317254  -9.52406628  -1.86870303] State(map=[1. 2. 0. 0. 3. 4. 0. 0. 2. 1.]) && 4 && [-14.69257818  -1.55645805  -4.2347797   -5.67216371   9.85681363
 -13.06715536 -12.2763562   -3.19820229] State(map=[1. 2. 0. 0. 0. 7. 0. 0. 2. 1.]) && 7 && [-14.41531433  -2.32778995 -11.47699064 -13.71435211  -1.98337109
  -5.23732362  -5.29518724   6.50061204] State(map=[1. 2. 0. 0. 4. 3. 0. 0. 2. 1.]) && 6 && [ -5.00294511 -13.03689544 -11.16092217  -3.98205973 -10.69236678
  -0.8          2.97923338  -3.70949373] State(map=[1. 2. 0. 4. 0. 0. 3. 0. 2. 1.]) && 6 && [-1.52       -3.8        -5.23172    -1.48337959 -7.62444101 -3.3623035
  0.79741621 -1.10789684] State(map=[1. 2. 4. 0. 0. 0. 0. 3. 2. 1.]) && 6 && [ 0.         -3.5684588  -1.892       0.0684      0.          0.50604372
  2.          0.71614492] State(map=[1. 2. 0. 4. 0. 0. 0. 3. 2. 1.]) && 6 && [-2.60830037 -3.38789684  0.         -1.412      -2.          0.34198281
  2.57268     1.22447662] State(map=[1. 4. 0. 0. 0. 0. 0. 3. 0. 1.]) && 0 && [0. 0. 0. 0. 0. 0. 0. 0.] State(map=[1. 2. 0. 0. 3. 0. 4. 0. 2. 1.]) && 4 && [-13.94626162  -2.9288002   -1.06775956  -4.12056799  24.46453752
  -9.17507495 -15.59798805  -1.80510339] State(map=[1. 2. 0. 3. 0. 0. 0. 4. 2. 1.]) && 4 && [-11.80935961   5.39265437  -2.78230077  -1.91354311  22.79296952
  -8.73556338  -4.93764791   5.4704368 ] State(map=[1. 2. 3. 0. 0. 4. 0. 0. 2. 1.]) && 4 && [-7.05200024 -0.98602833  1.7710195   1.26270973  8.27418544 -9.68211121
 -5.42       -3.40798874] State(map=[1. 2. 3. 0. 0. 0. 0. 4. 2. 1.]) && 1 && [-6.17323225 10.77937296  1.77620896  1.94929104  8.1902     -2.31666733
 -7.76515438  3.21283712] State(map=[1. 2. 3. 0. 0. 0. 0. 0. 4. 1.]) && 3 && [ -0.96222498  -9.93572793   0.          11.99996125   0.
 -10.1516401    1.23582149 -11.774887  ] State(map=[1. 3. 0. 0. 0. 0. 0. 0. 4. 1.]) && 0 && [0. 0. 0. 0. 0. 0. 0. 0.] State(map=[1. 2. 0. 4. 0. 3. 0. 0. 2. 1.]) && 6 && [-4.10355111 -9.5587913  -1.964      -3.28875104 -8.39685023 -2.07044
  1.5808     -3.97815648] State(map=[1. 2. 0. 0. 4. 0. 3. 0. 2. 1.]) && 6 && [-3.09288894 -6.38437733 -5.04513621 -3.8829932  -8.39391579 -1.405844
  1.19992828 -0.90137749] State(map=[1. 2. 0. 0. 0. 4. 0. 3. 2. 1.]) && 7 && [-7.68093018 -2.53973237 -3.35106425 -2.         -2.8379178   1.72790482
  2.2403921   9.50622821] State(map=[1. 2. 0. 3. 0. 0. 4. 0. 2. 1.]) && 4 && [-14.48210428   3.25880408  -1.94801455  -5.08655017  13.64253427
  -8.10029059 -15.1557897   -1.87293068] State(map=[1. 2. 0. 0. 3. 0. 0. 4. 2. 1.]) && 4 && [-7.66312176  6.40225475 -0.13980902 -3.63225229 14.81967172 -9.57154621
 -9.41797598  3.20470186] State(map=[1. 2. 0. 0. 0. 3. 0. 4. 2. 1.]) && 7 && [-7.44512917  2.88433893 -7.76886212 -5.09517415  6.44516074 -1.41636774
 -4.32796931 20.68642493] State(map=[1. 2. 0. 0. 0. 0. 3. 4. 2. 1.]) && 7 && [-9.78917235  6.09351597 -6.41251017 -7.07427052  6.3833534  -1.8696078
 -1.23813431 32.93622178] State(map=[1. 2. 0. 0. 0. 0. 0. 7. 2. 1.]) && 7 && [-1.52692061  2.11980853  0.92283909 -1.82036401  0.86983115  1.1887352
  1.44079445 23.9761876 ] State(map=[1. 2. 0. 3. 0. 0. 0. 4. 0. 1.]) && 3 && [  0.74591196 -13.23385007  -2.15014892  14.72844631   0.54091988
 -10.31582688   0.70123705  -9.46961028] State(map=[1. 2. 0. 0. 3. 0. 0. 0. 4. 1.]) && 3 && [  2.34415449  -9.89361938  -0.77794395  16.36689305  -1.72977417
 -10.41760139   3.49145685  -9.59754314] State(map=[1. 2. 0. 0. 7. 0. 0. 0. 0. 1.]) && 3 && [ 1.51935797 -7.86505998  1.77719382 23.8         3.24334542 -8.91742291
  1.95870252 -2.73199226] State(map=[1. 2. 3. 0. 0. 0. 2. 0. 4. 1.]) && 3 && [ -2.50544372  -8.71952344   1.83338474  19.08174684   2.28022256
 -12.38898669  -0.24524056 -11.09734773] State(map=[1. 2. 0. 3. 0. 0. 2. 4. 0. 1.]) && 3 && [  3.34160869 -12.16601175  -1.4900684   17.22483898  -0.21962386
  -6.85781086   2.49413162  -5.51732125] State(map=[1. 3. 0. 0. 0. 0. 2. 0. 4. 1.]) && 6 && [ -2.75665516 -14.06498913 -10.96254724  -2.4705353  -10.23277236
  -4.64769638   7.36404032  -5.53946412] State(map=[1. 0. 3. 0. 0. 0. 2. 0. 4. 1.]) && 6 && [ -1.47727628  -5.26088    -12.77497326  -1.32768548  -9.70619371
  -4.0498208    1.84324     -3.20768   ] State(map=[1. 0. 3. 0. 0. 0. 2. 4. 0. 1.]) && 6 && [ 0.         -5.29004    -2.85063379  0.         -7.2062432  -1.8656
  8.23427285 -1.484     ] State(map=[1. 0. 0. 3. 0. 0. 4. 0. 0. 1.]) && 0 && [0. 0. 0. 0. 0. 0. 0. 0.] State(map=[1. 2. 4. 3. 0. 0. 0. 0. 0. 1.]) && 3 && [ 0.         -2.23959996  4.62910974 11.99999997 -0.58198101 -7.42463664
  0.         -4.00849964] State(map=[1. 2. 0. 3. 0. 0. 0. 0. 4. 1.]) && 3 && [  1.43257458 -13.6508938    1.26423343  13.70505753   0.71906467
 -10.19746023   1.9663558  -10.20250595] State(map=[1. 3. 0. 0. 4. 0. 0. 0. 0. 1.]) && 0 && [0. 0. 0. 0. 0. 0. 0. 0.] State(map=[1. 2. 7. 0. 0. 0. 0. 0. 0. 1.]) && 3 && [ 0.         -7.34038165  0.         20.          0.         -8.17835658
  0.         -1.10817484] State(map=[1. 3. 0. 0. 4. 0. 0. 0. 2. 1.]) && 7 && [-13.5364591   -3.1599063  -10.6084563  -14.3074749   -3.98373585
  -3.78859835  -4.27207671   6.24734172] State(map=[1. 3. 0. 4. 0. 0. 0. 0. 2. 1.]) && 7 && [-15.14580643  -3.07106592 -12.7519894  -14.1490391   -2.83416419
  -5.27389907  -4.6354205    4.6510616 ] State(map=[1. 0. 3. 0. 4. 0. 0. 0. 2. 1.]) && 7 && [-15.61428206  -4.14997029 -13.09437569 -13.47371493  -3.56484236
  -4.49009318  -4.57512903   4.65288689] State(map=[1. 0. 0. 3. 0. 4. 0. 0. 2. 1.]) && 7 && [-10.79881128  -5.33044871 -11.36804306 -13.96798999  -4.22069554
  -3.28652508  -4.52524947   2.98325367] State(map=[1. 0. 0. 3. 0. 0. 4. 0. 2. 1.]) && 7 && [-10.70283365  -1.89770263 -10.50214791  -7.18964319  -1.524428
  -3.27608     -2.9238884    2.255368  ] State(map=[1. 0. 3. 0. 0. 0. 4. 0. 2. 1.]) && 7 && [-11.43645832  -2.282588   -10.81219472 -11.52222334  -2.50972694
  -4.05546535  -4.84112522   7.12803474] State(map=[1. 3. 0. 0. 0. 0. 4. 0. 2. 1.]) && 7 && [-11.55060718  -2.67301176 -14.21705046 -13.60993725  -3.17281199
  -3.46284332  -4.30978952   9.41055734] State(map=[1. 0. 3. 0. 0. 4. 0. 0. 2. 1.]) && 7 && [-11.95843779  -3.2173026  -13.96074117 -10.90820657  -3.757972
  -5.02077247  -4.94521987   4.05166163] State(map=[1. 0. 0. 0. 7. 0. 0. 0. 2. 1.]) && 7 && [-13.46210966  -3.74469312 -14.74218129  -8.27476382  -4.04523361
  -4.77683209  -4.17950541   2.50513888] State(map=[1. 0. 0. 0. 0. 7. 0. 0. 2. 1.]) && 7 && [-1.964      -2.03804    -8.94014851 -8.77250417 -4.90063609 -1.4516
 -3.4489952   2.2106164 ] State(map=[1. 0. 0. 0. 3. 4. 0. 0. 2. 1.]) && 7 && [ -9.59274091  -1.52       -11.32635849  -6.26112427  -0.704384
  -3.80541386  -4.80307609   1.587208  ] State(map=[1. 0. 0. 0. 4. 3. 0. 0. 2. 1.]) && 7 && [-7.57537303 -4.04980849 -4.91840335 -7.53822529 -2.37451983 -4.02211167
 -1.95542     0.4       ] State(map=[1. 0. 0. 0. 3. 0. 4. 0. 2. 1.]) && 7 && [-7.9549724  -2.9553092  -5.324384   -9.51597986 -2.31423169 -2.38944716
 -3.13050741  0.508     ] State(map=[1. 0. 0. 0. 0. 3. 4. 0. 2. 1.]) && 7 && [-2.       -2.168    -5.42      0.        0.       -3.650912 -2.05748
  1.74604 ] State(map=[1. 0. 0. 0. 0. 0. 7. 0. 2. 1.]) && 7 && [-5.42      -1.52      -1.876196  -7.893704  -1.52      -1.52
 -3.3062012  1.588    ] State(map=[1. 0. 0. 3. 4. 0. 0. 0. 2. 1.]) && 7 && [-13.0138975   -5.05807677 -13.07035719 -12.32084547  -3.14817958
  -4.68002178  -3.03988484   3.44352575] State(map=[1. 3. 0. 0. 0. 0. 0. 4. 2. 1.]) && 7 && [ -8.78560344   0.          -7.67487931 -11.24169667   0.
  -2.33838138  -2.85389792  11.80292156] State(map=[1. 0. 3. 0. 0. 0. 0. 0. 4. 1.]) && 0 && [0. 0. 0. 0. 0. 0. 0. 0.] State(map=[1. 3. 0. 0. 0. 0. 4. 0. 0. 1.]) && 0 && [0. 0. 0. 0. 0. 0. 0. 0.] State(map=[1. 2. 3. 0. 4. 0. 0. 0. 2. 1.]) && 3 && [-2.168      -1.7948      0.4581731   8.07177877  1.08368337 -6.842
 -3.21579206 -8.87562183] State(map=[1. 2. 3. 4. 0. 0. 0. 0. 2. 1.]) && 3 && [-0.79234255 -3.03457804  0.          1.5736901   0.55076515 -1.85188723
 -1.55633366  0.        ] State(map=[1. 0. 7. 0. 0. 0. 0. 0. 2. 1.]) && 7 && [-13.40146674  -4.47485931 -13.88951304 -12.82655279  -3.75673426
  -4.2464356   -3.64858702   5.61599927] State(map=[1. 7. 0. 0. 0. 0. 0. 0. 2. 1.]) && 7 && [-13.3977137   -3.39621749 -13.38800903 -12.7567023   -3.7208196
  -3.55939519  -3.70898633   6.96179786] State(map=[1. 4. 3. 0. 0. 0. 0. 0. 2. 1.]) && 7 && [-10.91975715  -3.95605424 -13.34150258 -11.14386599  -3.69505481
  -4.69581023  -4.37181831   5.56273849] State(map=[1. 4. 0. 3. 0. 0. 0. 0. 2. 1.]) && 7 && [-11.92627314  -4.31128212  -9.29481504 -11.0195555   -2.70352882
  -4.0495104   -3.43243783   3.54294451] State(map=[1. 0. 4. 3. 0. 0. 0. 0. 2. 1.]) && 7 && [-12.55579686  -3.41663033  -9.84453204 -12.77760528  -5.02145524
  -4.15582193  -3.38932151   3.82551918] State(map=[1. 4. 0. 0. 3. 0. 0. 0. 2. 1.]) && 7 && [-9.13189383 -3.68711484 -8.69029574 -7.53558591 -3.53303514 -4.03227869
 -3.07477011  3.79917049] State(map=[1. 0. 0. 4. 3. 0. 0. 0. 2. 1.]) && 7 && [-13.08358722  -4.84457329 -10.99853407 -11.85990508  -4.2073764
  -3.03612993  -1.484        2.72909024] State(map=[1. 0. 0. 4. 0. 3. 0. 0. 2. 1.]) && 7 && [-9.0009092  -2.132      -7.48366028 -9.34152965 -3.26868207 -3.4393724
 -4.35392477  2.71985044] State(map=[1. 0. 4. 0. 3. 0. 0. 0. 2. 1.]) && 7 && [ -9.0662424   -4.92417971 -10.64544689 -12.27843261  -3.47152003
  -4.01494508  -4.64751607   3.93627197] State(map=[1. 0. 0. 0. 4. 0. 3. 0. 2. 1.]) && 7 && [-10.0602272   -2.08988     -6.754196    -6.51411816  -2.87874872
  -3.27986     -0.8          1.5808    ] State(map=[1. 0. 0. 0. 0. 0. 4. 3. 2. 1.]) && 7 && [ 0.   -0.62  0.   -2.   -1.52  0.    0.    1.2 ] State(map=[1. 0. 0. 0. 0. 0. 4. 0. 3. 1.]) && 0 && [0. 0. 0. 0. 0. 0. 0. 0.] State(map=[1. 2. 0. 3. 4. 0. 0. 0. 2. 1.]) && 3 && [ -2.55176911  -5.65862395  -2.21775087   0.90163211  -4.15300339
  -8.31427674  -2.0996     -12.45740221] State(map=[1. 2. 0. 4. 3. 0. 0. 0. 2. 1.]) && 3 && [-2.44823815 -4.6449547  -2.14508512  0.89046082 -2.7512     -3.614636
 -1.52       -8.71718111] State(map=[1. 2. 4. 0. 0. 3. 0. 0. 2. 1.]) && 3 && [ 0.132876   -9.01205156  0.          0.28730499 -3.764      -0.692
  0.         -0.764     ] State(map=[1. 2. 4. 0. 3. 0. 0. 0. 2. 1.]) && 3 && [ 0.156204   -1.964       0.          1.242156   -2.63939349 -1.97414255
  0.1008     -3.64088   ] State(map=[1. 2. 0. 7. 0. 0. 0. 0. 2. 1.]) && 3 && [-0.42114381 -8.1902     -2.60956789  3.39074038 -1.50518237 -6.754196
 -2.63386556 -4.80765052] State(map=[1. 2. 7. 0. 0. 0. 0. 0. 2. 1.]) && 3 && [ 0.         -2.          0.45026459  6.59326387  0.          0.
  0.19035013 -1.87583328] State(map=[1. 4. 0. 0. 3. 0. 0. 0. 0. 1.]) && 0 && [0. 0. 0. 0. 0. 0. 0. 0.] State(map=[1. 2. 0. 0. 7. 0. 0. 0. 2. 1.]) && 3 && [ -4.71282297  -8.95837592  -5.17457248   3.7797826   -2.28193852
  -8.61616481  -4.39166254 -11.74002818] State(map=[1. 0. 3. 4. 0. 0. 0. 0. 2. 1.]) && 7 && [-13.17525425  -3.94190103 -12.50340703 -13.2500167   -3.2057784
  -4.87165642  -4.17936285   4.33107276] State(map=[1. 3. 4. 0. 0. 0. 0. 0. 2. 1.]) && 7 && [-11.89559408  -4.91364551 -11.94432958 -11.93914879  -4.5471411
  -3.26611181  -4.32429342   4.73220354] State(map=[1. 0. 0. 7. 0. 0. 0. 0. 2. 1.]) && 7 && [-12.01609886  -4.31577552 -12.28947381 -12.91935784  -4.00580778
  -4.90841805  -3.58198714   4.5991174 ] State(map=[1. 0. 4. 0. 0. 3. 0. 0. 2. 1.]) && 7 && [ -8.70115638  -1.9446956  -13.33119553  -8.35877043  -3.36309956
  -3.24849104  -4.21946594   1.80688   ] State(map=[1. 4. 0. 0. 0. 3. 0. 0. 2. 1.]) && 7 && [ -9.49899238  -3.66865813 -10.42006809  -4.6339501   -3.07389085
  -1.4192      -4.79833273   3.14427103] State(map=[1. 4. 0. 0. 0. 0. 3. 0. 2. 1.]) && 7 && [-1.9316     -4.8632939  -5.167244   -8.60501438 -2.3427296  -3.27608
 -1.52        2.50906   ] State(map=[1. 4. 0. 0. 0. 0. 0. 3. 2. 1.]) && 5 && [-3.8       -1.8656    -3.548054  -6.3795062 -1.4516     0.
  0.         0.       ] State(map=[1. 0. 4. 0. 0. 0. 3. 0. 2. 1.]) && 7 && [-10.72399045  -3.414878   -10.84626772  -4.79827794  -1.8601316
  -3.07088     -4.55626232   2.079436  ] State(map=[1. 4. 0. 0. 0. 0. 0. 0. 3. 1.]) && 0 && [0. 0. 0. 0. 0. 0. 0. 0.] State(map=[1. 3. 0. 0. 0. 0. 2. 4. 0. 1.]) && 6 && [  0.         -12.267124   -11.11763385   0.         -11.94076756
  -3.31971318  11.13852241  -4.04927256] State(map=[1. 0. 0. 3. 0. 0. 0. 4. 2. 1.]) && 7 && [-3.704384    0.         -9.26318    -6.46702921  0.         -1.13012
 -2.7512      8.94976101] State(map=[1. 0. 0. 0. 3. 0. 0. 0. 4. 1.]) && 0 && [0. 0. 0. 0. 0. 0. 0. 0.] State(map=[1. 3. 0. 0. 0. 4. 0. 0. 2. 1.]) && 7 && [-12.81426495  -4.91520712 -14.26591292 -13.79267469  -3.69162894
  -4.66330986  -4.31625959   5.88068218] State(map=[1. 0. 0. 4. 0. 0. 3. 0. 2. 1.]) && 7 && [ -6.6038924   -3.489236   -10.48019253  -6.5223092   -0.764
  -3.07088     -3.271112     2.50906   ] State(map=[1. 0. 4. 0. 0. 0. 0. 3. 2. 1.]) && 7 && [-3.8      -1.9628   -3.67004   0.       -3.467366  0.        0.
  3.252   ] State(map=[1. 0. 0. 0. 4. 0. 0. 3. 2. 1.]) && 7 && [-6.58532   -1.412     -3.5296832 -6.4857944 -2.05748    0.
  0.         2.28     ] State(map=[1. 0. 0. 0. 0. 4. 0. 3. 2. 1.]) && 7 && [-6.58532   -2.168      0.        -3.5296832 -2.0996     0.
  0.         2.28     ] State(map=[1. 0. 0. 0. 0. 0. 3. 4. 2. 1.]) && 7 && [-3.764     0.       -2.       -6.692636  0.        0.        0.
  2.28    ] State(map=[1. 0. 0. 0. 0. 3. 0. 4. 2. 1.]) && 7 && [-1.876196  0.       -1.7948   -5.42      0.        0.       -1.403
  1.2     ] State(map=[1. 0. 0. 0. 3. 0. 0. 4. 2. 1.]) && 7 && [-2.         0.        -3.0234584  0.         0.        -1.52
 -1.2847724  4.1268   ] State(map=[1. 2. 3. 0. 0. 0. 2. 4. 0. 1.]) && 3 && [ 4.84485423 -4.5432173   4.04242393 19.95562938  2.17643454 -5.92785366
  3.22620642 -6.88667355] State(map=[1. 0. 0. 3. 0. 0. 2. 0. 4. 1.]) && 6 && [-2.195108   -5.32244    -5.296196   -2.26955348 -7.80482756 -1.484
  0.4        -2.132     ] State(map=[1. 0. 3. 0. 0. 0. 4. 0. 0. 1.]) && 0 && [0. 0. 0. 0. 0. 0. 0. 0.] State(map=[1. 0. 0. 4. 0. 0. 0. 3. 2. 1.]) && 7 && [ 0.         -1.69064    -5.195756   -5.09226716 -1.52        0.
  0.          1.2       ] State(map=[1. 0. 0. 0. 0. 4. 3. 0. 2. 1.]) && 7 && [ 0.       -2.6828    0.        0.       -1.363796 -2.807468 -1.77812
  0.868   ] State(map=[1. 0. 0. 0. 4. 0. 0. 0. 3. 1.]) && 0 && [0. 0. 0. 0. 0. 0. 0. 0.] State(map=[1. 2. 4. 0. 0. 0. 3. 0. 2. 1.]) && 6 && [ 0.         -3.7316      0.          0.         -1.964      -2.65307237
  3.252       0.        ] State(map=[1. 3. 0. 0. 0. 4. 0. 0. 0. 1.]) && 0 && [0. 0. 0. 0. 0. 0. 0. 0.] State(map=[1. 2. 4. 3. 0. 0. 0. 0. 2. 1.]) && 3 && [ 0.         -1.90244    -0.39808915  4.20951324  0.          0.
  0.32365513  0.        ] State(map=[1. 0. 3. 0. 0. 0. 0. 4. 2. 1.]) && 7 && [-6.83094928  0.         -4.6268372  -6.4157028   0.         -1.14638473
 -1.28555     9.25478491] State(map=[1. 0. 0. 0. 0. 3. 0. 0. 4. 1.]) && 0 && [0. 0. 0. 0. 0. 0. 0. 0.] State(map=[1. 4. 0. 0. 0. 3. 0. 0. 0. 1.]) && 0 && [0. 0. 0. 0. 0. 0. 0. 0.] State(map=[1. 0. 0. 3. 0. 0. 2. 4. 0. 1.]) && 6 && [ 0.        -6.8096    -3.2605292  0.        -1.876196   0.
  3.252      0.       ] State(map=[1. 3. 4. 0. 0. 0. 0. 0. 0. 1.]) && 0 && [0. 0. 0. 0. 0. 0. 0. 0.] State(map=[1. 0. 4. 0. 0. 0. 0. 0. 3. 1.]) && 0 && [0. 0. 0. 0. 0. 0. 0. 0.] State(map=[1. 4. 3. 0. 0. 0. 0. 0. 0. 1.]) && 0 && [0. 0. 0. 0. 0. 0. 0. 0.] State(map=[1. 0. 0. 3. 0. 0. 0. 0. 4. 1.]) && 0 && [0. 0. 0. 0. 0. 0. 0. 0.] State(map=[1. 0. 0. 4. 0. 0. 0. 0. 3. 1.]) && 0 && [0. 0. 0. 0. 0. 0. 0. 0.] State(map=[1. 2. 3. 0. 0. 0. 2. 4. 2. 1.]) && 3 && [ 0.          1.13367806  0.10021927  8.59633668  2.23852266 -1.33317836
  0.20893803  0.        ] State(map=[1. 0. 0. 0. 0. 4. 0. 0. 3. 1.]) && 0 && [0. 0. 0. 0. 0. 0. 0. 0.] State(map=[1. 7. 0. 0. 0. 0. 0. 0. 0. 1.]) && 0 && [0. 0. 0. 0. 0. 0. 0. 0.] State(map=[1. 0. 0. 0. 0. 0. 3. 0. 4. 1.]) && 0 && [0. 0. 0. 0. 0. 0. 0. 0.] State(map=[1. 0. 0. 0. 3. 0. 2. 4. 0. 1.]) && 0 && [ 0.    -2.     0.     0.    -1.964 -1.52   0.     0.   ] State(map=[1. 0. 0. 0. 3. 0. 2. 0. 4. 1.]) && 6 && [-1.52     0.      -1.964   -0.692   -5.32244  0.       0.4      0.     ] State(map=[1. 0. 0. 0. 3. 0. 4. 0. 0. 1.]) && 0 && [0. 0. 0. 0. 0. 0. 0. 0.] State(map=[1. 0. 0. 0. 0. 3. 2. 4. 0. 1.]) && 0 && [ 0.     0.    -2.     0.    -3.764  0.     0.     0.   ] State(map=[1. 0. 0. 0. 0. 0. 0. 7. 2. 1.]) && 7 && [ 0.    0.   -2.    0.    0.    0.    0.    5.42] State(map=[1. 0. 0. 0. 0. 0. 0. 0. 7. 1.]) && 0 && [0. 0. 0. 0. 0. 0. 0. 0.] State(map=[1. 0. 0. 0. 0. 0. 0. 4. 3. 1.]) && 0 && [0. 0. 0. 0. 0. 0. 0. 0.] State(map=[1. 0. 0. 0. 0. 0. 0. 3. 4. 1.]) && 0 && [0. 0. 0. 0. 0. 0. 0. 0.] State(map=[1. 3. 0. 0. 0. 0. 2. 4. 2. 1.]) && 1 && [0.         1.20947212 0.         0.         0.         0.
 0.         0.        ] final