State(map=[1. 2. 0. 0. 3. 0. 2. 4. 2. 1.]) && 0 && [0. 0. 0. 0. 0. 0. 0. 0. 0.] State(map=[1. 2. 0. 3. 0. 0. 4. 0. 2. 1.]) && 0 && [0. 0. 0. 0. 0. 0. 0. 0. 0.] State(map=[1. 2. 3. 0. 0. 0. 4. 0. 2. 1.]) && 0 && [0. 0. 0. 0. 0. 0. 0. 0. 0.] State(map=[1. 3. 0. 0. 0. 0. 4. 0. 2. 1.]) && 0 && [0. 0. 0. 0. 0. 0. 0. 0. 0.] State(map=[1. 3. 0. 0. 0. 0. 0. 4. 2. 1.]) && 0 && [0. 0. 0. 0. 0. 0. 0. 0. 0.] State(map=[1. 3. 0. 0. 0. 0. 0. 0. 4. 1.]) && 0 && [0. 0. 0. 0. 0. 0. 0. 0. 0.] Q_TABLE[1. 2. 0. 0. 3. 0. 2. 4. 2. 1.] [1. 2. 0. 3. 0. 0. 4. 0. 2. 1.] [1. 2. 3. 0. 0. 0. 4. 0. 2. 1.] [1. 3. 0. 0. 0. 0. 4. 0. 2. 1.] [1. 3. 0. 0. 0. 0. 0. 4. 2. 1.] [1. 3. 0. 0. 0. 0. 0. 0. 4. 1.] States_numbered[0. 4. 0. 0. 0. 0. 0. 0. 0. 0. 0. 0. 0. 0. 0. 0. 0. 0. 0. 0. 0. 0. 0. 0.
 0. 0. 0. 0. 0. 0. 0. 0. 0. 0. 0. 0. 0. 0. 0. 0. 0. 0. 0. 0. 0. 0. 0. 0.
 0. 0. 0. 0. 0. 0. 0. 0. 0. 0. 0. 0.] [0. 0. 3. 0. 0. 0. 0. 0. 0. 0. 0. 0. 0. 0. 0. 0. 0. 0. 0. 0. 0. 0. 0. 0.
 0. 0. 0. 0. 0. 0. 0. 0. 0. 0. 0. 0. 0. 0. 0. 0. 0. 0. 0. 0. 0. 0. 0. 0.
 0. 0. 0. 0. 0. 0. 0. 0. 0. 0. 0. 0.] [0. 0. 0. 3. 0. 0. 0. 0. 0. 0. 0. 0. 0. 0. 0. 0. 0. 0. 0. 0. 0. 0. 0. 0.
 0. 0. 0. 0. 0. 0. 0. 0. 0. 0. 0. 0. 0. 0. 0. 0. 0. 0. 0. 0. 0. 0. 0. 0.
 0. 0. 0. 0. 0. 0. 0. 0. 0. 0. 0. 0.] [0. 0. 0. 0. 5. 0. 0. 0. 0. 0. 0. 0. 0. 0. 0. 0. 0. 0. 0. 0. 0. 0. 0. 0.
 0. 0. 0. 0. 0. 0. 0. 0. 0. 0. 0. 0. 0. 0. 0. 0. 0. 0. 0. 0. 0. 0. 0. 0.
 0. 0. 0. 0. 0. 0. 0. 0. 0. 0. 0. 0.] [0. 0. 0. 0. 0. 2. 0. 0. 0. 0. 0. 0. 0. 0. 0. 0. 0. 0. 0. 0. 0. 0. 0. 0.
 0. 0. 0. 0. 0. 0. 0. 0. 0. 0. 0. 0. 0. 0. 0. 0. 0. 0. 0. 0. 0. 0. 0. 0.
 0. 0. 0. 0. 0. 0. 0. 0. 0. 0. 0. 0.] P_table