State(map=[1. 2. 0. 0. 4. 0. 2. 4. 2. 1.] & first_shappy_pos=4 & second_shappy_pos=7) && 7 && [215.42625379 214.77503758 188.22418881 214.94013242 214.94208118
 180.78971747 201.69663352 225.422659  ] State(map=[1. 2. 0. 0. 4. 0. 4. 0. 2. 1.] & first_shappy_pos=4 & second_shappy_pos=6) && 4 && [101.98332112 128.25088431 114.42624076  90.75002896 128.2513931
 101.98360606 101.97943238 128.2497842 ] State(map=[1. 2. 0. 0. 4. 4. 0. 0. 2. 1.] & first_shappy_pos=4 & second_shappy_pos=5) && 4 && [ 12.17813365  70.05643654  42.38692827  20.02291512 114.42625379
  41.3824293   42.94950295  26.53714792] State(map=[1. 2. 0. 0. 4. 0. 0. 0. 2. 1.] & first_shappy_pos=4 & second_shappy_pos=4) && 4 && [-0.1        -0.1        -0.1        -0.1        61.10615654  0.
  0.          0.        ] State(map=[1. 2. 4. 0. 4. 0. 0. 0. 2. 1.] & first_shappy_pos=4 & second_shappy_pos=2) && 0 && [27.05941  0.       0.       0.       0.       0.       0.       0.     ] State(map=[1. 4. 0. 0. 4. 0. 0. 0. 2. 1.] & first_shappy_pos=4 & second_shappy_pos=1) && 0 && [-0.29701   -0.36991   -0.3852919 -0.29701   -0.3691    -0.29701
 -0.305029  -0.3772   ] State(map=[1. 0. 4. 0. 4. 0. 0. 0. 2. 1.] & first_shappy_pos=4 & second_shappy_pos=2) && 3 && [-0.29701 -0.28    -0.2962  -0.21601 -0.2962  -0.29701 -0.2881  -0.29701] State(map=[1. 4. 0. 4. 0. 0. 0. 0. 2. 1.] & first_shappy_pos=3 & second_shappy_pos=1) && 5 && [-0.391699 -0.3529   -0.37639  -0.3772   -0.297739 -0.2962   -0.29701
 -0.2962  ] State(map=[1. 0. 4. 4. 0. 0. 0. 0. 2. 1.] & first_shappy_pos=3 & second_shappy_pos=2) && 1 && [-0.20791 -0.199   -0.2071  -0.28081 -0.28    -0.21601 -0.2071  -0.199  ] State(map=[1. 4. 4. 0. 0. 0. 0. 0. 2. 1.] & first_shappy_pos=2 & second_shappy_pos=1) && 3 && [-0.29701 -0.30349 -0.31078 -0.2071  -0.28    -0.2071  -0.20791 -0.28891] State(map=[1. 0. 4. 0. 0. 0. 0. 0. 2. 1.] & first_shappy_pos=2 & second_shappy_pos=2) && 5 && [-0.3529   -0.3529   -0.28081  -0.324631 -0.29701  -0.28     -0.39907
 -0.28081 ] State(map=[1. 4. 0. 0. 0. 0. 0. 0. 2. 1.] & first_shappy_pos=1 & second_shappy_pos=1) && 7 && [-0.391699 -0.3439   -0.29701  -0.29701  -0.3529   -0.36991  -0.361
 -0.2881  ] State(map=[1. 4. 0. 4. 0. 0. 0. 0. 2. 1.] & first_shappy_pos=1 & second_shappy_pos=3) && 1 && [-0.3691      0.97444561 -0.29701    -0.3691     -0.29701    -0.36181
 -0.2962     -0.2962    ] State(map=[1. 4. 4. 0. 0. 0. 0. 0. 2. 1.] & first_shappy_pos=1 & second_shappy_pos=2) && 2 && [-0.2071     -0.28963643 -0.199      -0.199      -0.21601    -0.2152
 -0.28       -0.28081   ] State(map=[1. 4. 0. 0. 4. 0. 0. 0. 2. 1.] & first_shappy_pos=1 & second_shappy_pos=4) && 1 && [-0.29701    55.68077342 -0.29701    -0.399799   -0.199       2.69131756
 -0.36181    -0.269227  ] State(map=[1. 0. 4. 0. 0. 4. 0. 0. 2. 1.] & first_shappy_pos=2 & second_shappy_pos=5) && 1 && [ 2.98699093 79.09997446 17.00314241 -0.20447852  7.82        4.55245541
 -0.10908986 15.65456175] State(map=[1. 0. 4. 0. 4. 0. 0. 0. 2. 1.] & first_shappy_pos=2 & second_shappy_pos=4) && 1 && [-0.28       39.68719449 -0.199      -0.2152     -0.199      -0.05671001
 -0.199      -0.19      ] State(map=[1. 0. 4. 4. 0. 0. 0. 0. 2. 1.] & first_shappy_pos=2 & second_shappy_pos=3) && 6 && [-0.2071     -0.199      -0.2071     -0.19981    -0.21601    -0.2152
 -0.19       -0.19643254] State(map=[1. 0. 4. 0. 0. 0. 4. 0. 2. 1.] & first_shappy_pos=2 & second_shappy_pos=6) && 4 && [54.2179672  63.79341479 54.24620079 54.42231185 89.         70.41500679
 23.1181217  54.41987876] State(map=[1. 4. 0. 0. 0. 4. 0. 0. 2. 1.] & first_shappy_pos=1 & second_shappy_pos=5) && 7 && [ 9.77570995 41.1758388  36.52193173  5.0213497  44.96438071 32.75795568
  8.37112308 79.1       ] State(map=[1. 4. 0. 0. 0. 0. 4. 0. 2. 1.] & first_shappy_pos=1 & second_shappy_pos=6) && 1 && [70.18686541 89.         79.09740287 70.18887588 88.99976689 79.09767123
 70.18526075 88.99948081] State(map=[1. 0. 0. 4. 0. 0. 0. 0. 2. 1.] & first_shappy_pos=3 & second_shappy_pos=3) && 4 && [-0.271   -0.271   -0.28    -0.21601 -0.199   -0.28    -0.199   -0.28081] State(map=[1. 0. 0. 4. 4. 0. 0. 0. 2. 1.] & first_shappy_pos=4 & second_shappy_pos=3) && 6 && [-0.19981 -0.199   -0.2071  -0.19    -0.19    -0.19981 -0.109   -0.199  ] State(map=[1. 4. 0. 0. 0. 0. 0. 4. 2. 1.] & first_shappy_pos=1 & second_shappy_pos=7) && 1 && [ 79.09903102 100.          88.99987623  79.09973778  99.99955703
  88.9989532   79.0992879   99.99784853] State(map=[1. 0. 0. 4. 4. 0. 0. 0. 2. 1.] & first_shappy_pos=3 & second_shappy_pos=4) && 1 && [-0.1         5.87933909 -0.1        -0.1        -0.1        -0.109
 -0.14429548 -0.1       ] State(map=[1. 0. 4. 0. 0. 0. 0. 4. 2. 1.] & first_shappy_pos=2 & second_shappy_pos=7) && 1 && [ 35.74343688 100.          30.6071      41.26671521  19.
  35.25928762  26.95507463  40.951     ] State(map=[1. 4. 0. 0. 0. 0. 0. 0. 4. 1.] & first_shappy_pos=1 & second_shappy_pos=8) && 0 && [0. 0. 0. 0. 0. 0. 0. 0.] State(map=[1. 2. 0. 0. 4. 0. 0. 4. 2. 1.] & first_shappy_pos=4 & second_shappy_pos=7) && 1 && [ 78.48670179 143.612659    73.04337373  77.85093487  74.9231694
  87.76890224  40.38518032  73.20208753] State(map=[1. 2. 0. 4. 0. 0. 4. 0. 2. 1.] & first_shappy_pos=3 & second_shappy_pos=6) && 4 && [ 90.78521949 128.25137358 114.42617635 101.98350676 128.2513931
 114.42598442 101.98347078 128.25134542] State(map=[1. 2. 0. 4. 0. 4. 0. 0. 2. 1.] & first_shappy_pos=3 & second_shappy_pos=5) && 5 && [ 15.03538658  30.93661478  26.56788494  10.53948474  46.79954998
 101.98362841  12.30825781  70.09517859] State(map=[1. 2. 0. 4. 4. 0. 0. 0. 2. 1.] & first_shappy_pos=3 & second_shappy_pos=4) && 4 && [-0.1        -0.1        -0.1        -0.1        80.04487152  0.
  0.          0.        ] State(map=[1. 2. 0. 4. 0. 0. 0. 0. 2. 1.] & first_shappy_pos=3 & second_shappy_pos=3) && 2 && [-0.1 -0.1  0.   0.   0.   0.   0.   0. ] State(map=[1. 4. 0. 0. 0. 4. 0. 0. 2. 1.] & first_shappy_pos=5 & second_shappy_pos=1) && 3 && [-0.3940399 -0.370639  -0.392509  -0.29701   -0.29701   -0.29701
 -0.3058309 -0.378658 ] State(map=[1. 0. 4. 0. 0. 4. 0. 0. 2. 1.] & first_shappy_pos=5 & second_shappy_pos=2) && 4 && [-0.29701  -0.36991  -0.29701  -0.312319 -0.28     -0.29701  -0.30349
 -0.2962  ] State(map=[1. 0. 0. 4. 0. 4. 0. 0. 2. 1.] & first_shappy_pos=5 & second_shappy_pos=3) && 3 && [-0.29701 -0.28    -0.2881  -0.21601 -0.2962  -0.2962  -0.31159 -0.2881 ] State(map=[1. 4. 0. 0. 0. 0. 4. 0. 2. 1.] & first_shappy_pos=6 & second_shappy_pos=1) && 6 && [-0.3940399 -0.37639   -0.385219  -0.3925819 -0.3867499 -0.43471
 -0.361     -0.361    ] State(map=[1. 0. 0. 0. 4. 0. 0. 0. 2. 1.] & first_shappy_pos=4 & second_shappy_pos=4) && 1 && [-0.271      -0.19       -0.19       -0.2152     -0.19469155 -0.19
 -0.21601    -0.19      ] State(map=[1. 4. 0. 0. 0. 0. 0. 4. 2. 1.] & first_shappy_pos=7 & second_shappy_pos=1) && 6 && [-0.199     -0.199     -0.20791   -0.2152    -0.2241019 -0.271
 -0.19      -0.19     ] State(map=[1. 0. 4. 0. 0. 0. 0. 4. 2. 1.] & first_shappy_pos=7 & second_shappy_pos=2) && 3 && [-0.199  -0.19   -0.2071 -0.109  -0.199  -0.19   -0.19   -0.19  ] State(map=[1. 0. 4. 0. 0. 0. 4. 0. 2. 1.] & first_shappy_pos=6 & second_shappy_pos=2) && 2 && [-0.39178   -0.36991   -0.29701   -0.3204109 -0.385219  -0.361
 -0.3691    -0.3529   ] State(map=[1. 0. 0. 0. 4. 4. 0. 0. 2. 1.] & first_shappy_pos=5 & second_shappy_pos=4) && 4 && [-0.199   -0.199   -0.19981 -0.19    -0.1     -0.1     -0.1     -0.1    ] State(map=[1. 0. 0. 4. 0. 4. 0. 0. 2. 1.] & first_shappy_pos=3 & second_shappy_pos=5) && 2 && [ 0.18524052  7.73899985 53.91432732 -0.109      -0.1        -0.1
 -0.1        -0.1       ] State(map=[1. 2. 0. 4. 0. 0. 0. 4. 2. 1.] & first_shappy_pos=3 & second_shappy_pos=7) && 1 && [114.42625379 143.612659   128.2513931  114.42625379 143.612659
 128.2513931  114.42625379 143.612659  ] State(map=[1. 2. 4. 0. 0. 0. 4. 0. 2. 1.] & first_shappy_pos=2 & second_shappy_pos=6) && 7 && [101.98362176 128.25139284  79.09999881  70.1899987   88.999989
 114.42625021  90.78525655 128.2513931 ] State(map=[1. 2. 4. 0. 0. 4. 0. 0. 2. 1.] & first_shappy_pos=2 & second_shappy_pos=5) && 1 && [ 8.63584731e+00  1.14426254e+02 -1.09000000e-01  2.04945419e+01
  2.13566390e+01  4.25382526e+01  1.53244227e+01  3.93511887e+01] State(map=[1. 2. 4. 0. 4. 0. 0. 0. 2. 1.] & first_shappy_pos=2 & second_shappy_pos=4) && 4 && [-0.1        -0.1        -0.1171     -0.1171     45.72639654  4.49263941
  0.          0.        ] State(map=[1. 2. 4. 4. 0. 0. 0. 0. 2. 1.] & first_shappy_pos=2 & second_shappy_pos=3) && 2 && [-0.1 -0.1  0.   0.   0.   0.   0.   0. ] State(map=[1. 2. 4. 0. 0. 0. 0. 0. 2. 1.] & first_shappy_pos=2 & second_shappy_pos=2) && 0 && [10.  0.  0.  0.  0.  0.  0.  0.] State(map=[1. 0. 0. 4. 0. 0. 4. 0. 2. 1.] & first_shappy_pos=6 & second_shappy_pos=3) && 3 && [-0.3043   -0.28     -0.297739 -0.2152   -0.28     -0.2881   -0.28
 -0.271   ] State(map=[1. 0. 0. 4. 0. 0. 4. 0. 2. 1.] & first_shappy_pos=3 & second_shappy_pos=6) && 4 && [ 3.37084277  1.52       21.415688   -0.109      88.99999962 -0.1
 -0.1         1.52      ] State(map=[1. 0. 0. 0. 4. 0. 4. 0. 2. 1.] & first_shappy_pos=6 & second_shappy_pos=4) && 7 && [-0.2962 -0.19   -0.199  -0.109  -0.199  -0.19   -0.199  -0.1   ] State(map=[1. 0. 0. 0. 4. 4. 0. 0. 2. 1.] & first_shappy_pos=4 & second_shappy_pos=5) && 4 && [-0.1        -0.1        -0.1        -0.1        15.02893561  0.
  0.          0.        ] State(map=[1. 0. 0. 0. 0. 4. 0. 0. 2. 1.] & first_shappy_pos=5 & second_shappy_pos=5) && 2 && [-0.19       -0.19        0.52189678 -0.109      -0.1        -0.1
 -0.1        -0.19      ] State(map=[1. 0. 0. 4. 0. 0. 0. 4. 2. 1.] & first_shappy_pos=7 & second_shappy_pos=3) && 4 && [-0.199    -0.19     -0.20791  -0.215929 -0.1      -0.1      -0.1
 -0.1     ] State(map=[1. 0. 0. 0. 4. 0. 0. 4. 2. 1.] & first_shappy_pos=7 & second_shappy_pos=4) && 6 && [-0.1      -0.19     -0.1      -0.216739 -0.1      -0.1       0.
  0.      ] State(map=[1. 0. 0. 0. 0. 4. 4. 0. 2. 1.] & first_shappy_pos=6 & second_shappy_pos=5) && 6 && [-0.1 -0.1 -0.1 -0.1 -0.1 -0.1  0.   0. ] State(map=[1. 4. 0. 0. 0. 0. 0. 0. 4. 1.] & first_shappy_pos=8 & second_shappy_pos=1) && 0 && [0. 0. 0. 0. 0. 0. 0. 0.] State(map=[1. 2. 0. 4. 0. 0. 0. 0. 4. 1.] & first_shappy_pos=3 & second_shappy_pos=8) && 6 && [48.45851  42.612659 42.612659 48.45851  42.612659 42.612659 48.45851
 42.612659] State(map=[1. 2. 0. 4. 0. 0. 0. 4. 0. 1.] & first_shappy_pos=3 & second_shappy_pos=7) && 6 && [54.95387298 42.61261935 48.45838978 54.95389493 42.61253832 48.45846509
 54.9539     42.61262204] State(map=[1. 2. 0. 4. 0. 0. 4. 0. 0. 1.] & first_shappy_pos=3 & second_shappy_pos=6) && 0 && [62.171   48.45851 54.9539  62.171   48.45851 54.9539  62.171   48.45851] State(map=[1. 2. 0. 4. 0. 4. 0. 0. 0. 1.] & first_shappy_pos=3 & second_shappy_pos=5) && 0 && [70.19   54.9539 62.171  70.19   54.9539 62.171  70.19   54.9539] State(map=[1. 2. 0. 4. 4. 0. 0. 0. 0. 1.] & first_shappy_pos=3 & second_shappy_pos=4) && 6 && [79.09999998 62.17099783 70.18999993 70.18999968 62.17099987 70.18999999
 79.1        54.95389993] State(map=[1. 2. 0. 4. 0. 0. 0. 0. 0. 1.] & first_shappy_pos=3 & second_shappy_pos=3) && 0 && [89.         69.34447858 64.76457006 87.81113635 64.43006225 75.70155373
 86.7721909  68.76685847] State(map=[1. 4. 0. 4. 0. 0. 0. 0. 0. 1.] & first_shappy_pos=3 & second_shappy_pos=1) && 0 && [0. 0. 0. 0. 0. 0. 0. 0.] State(map=[1. 2. 0. 0. 0. 4. 4. 0. 2. 1.] & first_shappy_pos=5 & second_shappy_pos=6) && 2 && [ 83.7219186   96.64492924 114.42625379  96.44161251 107.82157555
  57.15000579  56.82936223  79.69608527] State(map=[1. 2. 0. 0. 0. 4. 0. 0. 2. 1.] & first_shappy_pos=5 & second_shappy_pos=5) && 4 && [ 22.97625005   0.51204215  27.03211807   1.40342964 114.42625206
   6.16916281  -0.19        15.37937454] State(map=[1. 2. 0. 4. 0. 4. 0. 0. 2. 1.] & first_shappy_pos=5 & second_shappy_pos=3) && 3 && [-0.1      -0.1      -0.1       1.608461  0.        0.        0.
  0.      ] State(map=[1. 2. 0. 4. 4. 0. 0. 0. 2. 1.] & first_shappy_pos=4 & second_shappy_pos=3) && 0 && [0.8 0.  0.  0.  0.  0.  0.  0. ] State(map=[1. 0. 0. 0. 4. 0. 4. 0. 2. 1.] & first_shappy_pos=4 & second_shappy_pos=6) && 7 && [-0.1   -0.1   -0.1   -0.109 -0.1   -0.1   -0.109  1.61 ] State(map=[1. 0. 0. 4. 0. 0. 0. 4. 2. 1.] & first_shappy_pos=3 & second_shappy_pos=7) && 1 && [-0.1        90.15229098  8.9         7.91       10.          0.8
  0.         10.        ] State(map=[1. 2. 0. 0. 0. 4. 0. 4. 2. 1.] & first_shappy_pos=5 & second_shappy_pos=7) && 1 && [ 24.00772603 143.61263025  12.8251393   11.44262538  38.82884248
  12.64272681   0.          34.29365302] State(map=[1. 2. 0. 0. 0. 4. 0. 0. 4. 1.] & first_shappy_pos=5 & second_shappy_pos=8) && 3 && [29.34372879 19.02087759 19.4557424  48.45851    16.79828931 25.59624361
 20.42868237 14.93131264] State(map=[1. 2. 0. 0. 0. 4. 0. 4. 0. 1.] & first_shappy_pos=5 & second_shappy_pos=7) && 3 && [50.62080487 39.80001749 46.58257998 54.9539     41.63759642 40.37505166
 51.33772451 39.68140378] State(map=[1. 2. 0. 0. 0. 4. 4. 0. 0. 1.] & first_shappy_pos=5 & second_shappy_pos=6) && 0 && [62.171      25.07674389 28.47197575 41.53822227 16.35122368 28.07121622
  7.24970043  3.43520863] State(map=[1. 2. 0. 0. 0. 4. 0. 0. 0. 1.] & first_shappy_pos=5 & second_shappy_pos=5) && 3 && [37.51920808 44.69469335 42.54476299 70.19       45.51115094 30.33411452
 38.17897523 41.06337196] State(map=[1. 2. 0. 4. 0. 4. 0. 0. 0. 1.] & first_shappy_pos=5 & second_shappy_pos=3) && 3 && [66.70649339 48.03144666 65.85127862 89.         54.13277938 47.93996737
 25.10938598 32.09978744] State(map=[1. 2. 4. 0. 0. 4. 0. 0. 0. 1.] & first_shappy_pos=5 & second_shappy_pos=2) && 0 && [100.          32.392241    50.68841831  34.39        44.61733729
  38.85138482  52.17031     31.16195685] State(map=[1. 4. 0. 0. 0. 4. 0. 0. 0. 1.] & first_shappy_pos=5 & second_shappy_pos=1) && 0 && [0. 0. 0. 0. 0. 0. 0. 0.] State(map=[1. 2. 4. 0. 0. 0. 0. 4. 2. 1.] & first_shappy_pos=2 & second_shappy_pos=7) && 1 && [114.42613209 143.612659    88.99972864  79.09970974  99.99994615
 128.25124869 114.42597876 143.61236534] State(map=[1. 0. 4. 0. 0. 0. 0. 0. 4. 1.] & first_shappy_pos=2 & second_shappy_pos=8) && 0 && [0. 0. 0. 0. 0. 0. 0. 0.] State(map=[1. 2. 0. 0. 4. 0. 0. 0. 4. 1.] & first_shappy_pos=4 & second_shappy_pos=8) && 6 && [37.12534977 37.82571219 36.70468633 42.43422892 30.25857318 39.4735272
 48.45851    40.05918792] State(map=[1. 2. 0. 0. 4. 0. 0. 4. 0. 1.] & first_shappy_pos=4 & second_shappy_pos=7) && 3 && [54.9539   42.612659 48.45851  54.9539   42.612659 48.45851  54.9539
 42.612659] State(map=[1. 2. 4. 0. 0. 0. 0. 0. 4. 1.] & first_shappy_pos=2 & second_shappy_pos=8) && 6 && [48.45840134 42.61265482 -0.99999965 -0.99999997 -0.99999993 42.61265584
 48.45851    42.61264891] State(map=[1. 2. 4. 0. 0. 0. 0. 4. 0. 1.] & first_shappy_pos=2 & second_shappy_pos=7) && 6 && [39.2498862  25.70571051 -0.91137062 -0.87842335 -0.89058101 33.0470075
 54.9539     34.57504282] State(map=[1. 2. 4. 0. 0. 0. 4. 0. 0. 1.] & first_shappy_pos=2 & second_shappy_pos=6) && 6 && [60.8727037  48.17868205 -0.98669721 -0.98802748 -0.99427358 54.35816412
 62.171      48.27503229] State(map=[1. 2. 4. 0. 0. 4. 0. 0. 0. 1.] & first_shappy_pos=2 & second_shappy_pos=5) && 6 && [48.066176   49.94848022 -0.79410887 -0.74581342 -0.77123208 46.34025962
 70.19       42.35542163] State(map=[1. 2. 4. 0. 4. 0. 0. 0. 0. 1.] & first_shappy_pos=2 & second_shappy_pos=4) && 6 && [28.11242586 29.07760069 -0.65132156 -0.86491483 -0.74581342 36.5705109
 79.1        29.13078159] State(map=[1. 2. 4. 4. 0. 0. 0. 0. 0. 1.] & first_shappy_pos=2 & second_shappy_pos=3) && 5 && [36.387341   28.6844579  -0.3439     -0.3439     -0.468559   79.09999998
 30.6071      7.019     ] State(map=[1. 2. 4. 0. 0. 0. 0. 0. 0. 1.] & first_shappy_pos=2 & second_shappy_pos=2) && 0 && [100.          37.0630005   -0.5217031   40.951       -0.56953279
  38.02187506  74.58134172  37.0630169 ] State(map=[1. 4. 0. 0. 0. 0. 0. 4. 0. 1.] & first_shappy_pos=1 & second_shappy_pos=7) && 0 && [0. 0. 0. 0. 0. 0. 0. 0.] State(map=[1. 2. 0. 4. 0. 0. 2. 0. 4. 1.] & first_shappy_pos=3 & second_shappy_pos=8) && 3 && [138.82131089 123.21396698 110.8872826  139.35851    109.43971439
 122.48592888 135.87014979 123.44529821] State(map=[1. 2. 0. 4. 0. 0. 2. 4. 0. 1.] & first_shappy_pos=3 & second_shappy_pos=7) && 0 && [155.9539     124.3920041  139.28776896 155.87474887 110.67946279
 139.08025591 155.70167431 124.34169504] State(map=[1. 4. 0. 0. 0. 0. 4. 0. 0. 1.] & first_shappy_pos=1 & second_shappy_pos=6) && 0 && [0. 0. 0. 0. 0. 0. 0. 0.] State(map=[1. 2. 0. 0. 4. 0. 4. 0. 0. 1.] & first_shappy_pos=4 & second_shappy_pos=6) && 3 && [62.17099606 48.45850993 54.95389908 62.171      48.45850994 54.95389946
 62.1709998  48.45850991] State(map=[1. 2. 0. 0. 4. 4. 0. 0. 0. 1.] & first_shappy_pos=4 & second_shappy_pos=5) && 0 && [70.19       45.73451129 42.57723593 59.61658534 42.33112647 44.33917998
 54.21081984 40.98818485] State(map=[1. 2. 0. 0. 4. 0. 0. 0. 0. 1.] & first_shappy_pos=4 & second_shappy_pos=4) && 0 && [79.1    54.9539 70.19   79.1    62.171  62.171  79.1    62.171 ] State(map=[1. 2. 4. 0. 4. 0. 0. 0. 0. 1.] & first_shappy_pos=4 & second_shappy_pos=2) && 0 && [100.          79.09999952  88.99996835  99.99999942  79.09999837
  88.9999961   99.99999523  79.09999713] State(map=[1. 4. 0. 0. 4. 0. 0. 0. 0. 1.] & first_shappy_pos=4 & second_shappy_pos=1) && 0 && [0. 0. 0. 0. 0. 0. 0. 0.] State(map=[1. 2. 0. 0. 0. 0. 4. 0. 4. 1.] & first_shappy_pos=6 & second_shappy_pos=8) && 3 && [15.80264269 16.93526147 -0.73306984 48.45851     7.48894605  4.12708523
  3.6354584   2.02525109] State(map=[1. 2. 0. 0. 0. 0. 4. 4. 0. 1.] & first_shappy_pos=6 & second_shappy_pos=7) && 3 && [ 4.84495884  7.39542022 -0.54034598 54.57420193  3.71925138  2.11175495
 -0.5026609  -0.51285888] State(map=[1. 2. 0. 0. 0. 0. 4. 0. 0. 1.] & first_shappy_pos=6 & second_shappy_pos=6) && 3 && [-0.42661     1.95889891 -0.4822724  62.12409679 -0.42492909 -0.43471
 -0.53671249 -0.48817567] State(map=[1. 2. 0. 0. 4. 0. 4. 0. 0. 1.] & first_shappy_pos=6 & second_shappy_pos=4) && 4 && [-0.19       -0.19       -0.19       -0.118      61.72647116 -0.199
  2.41973821 -0.20791   ] State(map=[1. 2. 0. 4. 0. 0. 4. 0. 0. 1.] & first_shappy_pos=6 & second_shappy_pos=3) && 2 && [-0.1         5.11468568 76.12239379  8.89973439  6.2171      1.89316997
  0.         -0.19      ] State(map=[1. 2. 0. 0. 4. 0. 0. 4. 0. 1.] & first_shappy_pos=7 & second_shappy_pos=4) && 0 && [ 0.72500588 -0.199      -0.199      -0.180127   -0.19       -0.199
 -0.118      -0.2175409 ] State(map=[1. 2. 0. 4. 0. 0. 0. 4. 0. 1.] & first_shappy_pos=7 & second_shappy_pos=3) && 3 && [ 1.52       -0.1        -0.1        27.61593315  0.          0.
  0.         -0.109     ] State(map=[1. 2. 4. 0. 0. 0. 0. 4. 0. 1.] & first_shappy_pos=7 & second_shappy_pos=2) && 0 && [40.951  0.     0.     0.     0.     0.8    0.     0.   ] State(map=[1. 4. 0. 0. 0. 0. 0. 4. 0. 1.] & first_shappy_pos=7 & second_shappy_pos=1) && 0 && [0. 0. 0. 0. 0. 0. 0. 0.] State(map=[1. 4. 0. 0. 0. 4. 0. 0. 0. 1.] & first_shappy_pos=1 & second_shappy_pos=5) && 0 && [0. 0. 0. 0. 0. 0. 0. 0.] State(map=[1. 4. 0. 0. 4. 0. 0. 0. 0. 1.] & first_shappy_pos=1 & second_shappy_pos=4) && 0 && [0. 0. 0. 0. 0. 0. 0. 0.] State(map=[1. 2. 0. 0. 0. 0. 0. 4. 4. 1.] & first_shappy_pos=7 & second_shappy_pos=8) && 4 && [-0.51019541 -0.4900995  -0.54077522 -0.50362959 24.07138271 -0.5105481
 -0.5205943  -0.62318084] State(map=[1. 2. 0. 0. 0. 0. 0. 4. 0. 1.] & first_shappy_pos=7 & second_shappy_pos=7) && 3 && [-0.5019319  -0.57511621 -0.57472335 26.09604814  3.77881538 -0.51213061
 -0.5455261  -0.56921787] State(map=[1. 2. 0. 0. 0. 4. 0. 4. 0. 1.] & first_shappy_pos=7 & second_shappy_pos=5) && 3 && [-0.36262    -0.3691     -0.3529      4.79198669 -0.318151   -0.29701
 -0.28       -0.319609  ] State(map=[1. 2. 0. 0. 0. 0. 4. 4. 0. 1.] & first_shappy_pos=7 & second_shappy_pos=6) && 5 && [-0.290368  -0.20791   -0.2263524 -0.28891   -0.2889829 -0.2071
 -0.305029  -0.21601  ] State(map=[1. 2. 0. 0. 0. 4. 4. 0. 0. 1.] & first_shappy_pos=6 & second_shappy_pos=5) && 3 && [-0.199      -0.2167309  -0.21422387 59.93575001  5.34567397 -0.23059
 -0.109      -0.109     ] State(map=[1. 2. 0. 0. 4. 4. 0. 0. 0. 1.] & first_shappy_pos=5 & second_shappy_pos=4) && 2 && [53.5834521  38.02239226 70.19       56.70616205 35.59847009 35.02611093
 28.87013227 20.88116165] State(map=[1. 2. 0. 0. 0. 4. 2. 0. 4. 1.] & first_shappy_pos=5 & second_shappy_pos=8) && 3 && [ 94.42509822 100.73366241  84.49022807 139.35851    104.88861977
  36.02909267  32.08948816  32.36050136] State(map=[1. 2. 0. 0. 0. 4. 2. 4. 0. 1.] & first_shappy_pos=5 & second_shappy_pos=7) && 0 && [155.94838946  22.62647444   0.          29.631241    12.4422659
  12.3002477    0.           8.09611167] State(map=[1. 2. 0. 0. 0. 0. 0. 4. 4. 1.] & first_shappy_pos=8 & second_shappy_pos=7) && 3 && [-0.3043     -0.31830336 -0.3401668  -0.2881     -0.37414476 -0.29701
 -0.3211399  -0.3448835 ] State(map=[1. 2. 0. 0. 0. 0. 4. 0. 4. 1.] & first_shappy_pos=8 & second_shappy_pos=6) && 6 && [-0.45701092 -0.45752851 -0.443539   -0.377929   -0.42887881 -0.3940399
 -0.3772     -0.3794599 ] State(map=[1. 2. 0. 0. 0. 4. 0. 0. 4. 1.] & first_shappy_pos=8 & second_shappy_pos=5) && 0 && [-0.27930551 -0.3043     -0.29701    -0.2881     -0.29701    -0.29701
 -0.3000718  -0.3204109 ] State(map=[1. 2. 0. 0. 4. 0. 0. 0. 4. 1.] & first_shappy_pos=8 & second_shappy_pos=4) && 3 && [-0.19       -0.19981    -0.199       1.26515114 -0.109      -0.1
 -0.1        -0.109     ] State(map=[1. 2. 0. 4. 0. 0. 0. 0. 4. 1.] & first_shappy_pos=8 & second_shappy_pos=3) && 3 && [-0.1  -0.1  -0.1   1.52  0.    0.    0.    0.  ] State(map=[1. 2. 4. 0. 0. 0. 0. 0. 4. 1.] & first_shappy_pos=8 & second_shappy_pos=2) && 0 && [19.  0.  0.  0.  0.  0.  0.  0.] State(map=[1. 2. 0. 0. 0. 0. 0. 0. 4. 1.] & first_shappy_pos=8 & second_shappy_pos=8) && 4 && [-0.57123137 -0.58519851 -0.63765002 -0.58928739  1.26634222 -0.57738573
 -0.57970891 -0.67192404] State(map=[1. 2. 0. 4. 4. 0. 0. 0. 0. 1.] & first_shappy_pos=4 & second_shappy_pos=3) && 0 && [89.         28.7435069  51.51465812 50.68841831 24.03578079 43.75658431
 54.51955519 35.40838186] State(map=[1. 2. 0. 0. 4. 0. 2. 0. 4. 1.] & first_shappy_pos=4 & second_shappy_pos=8) && 3 && [139.31671559 124.28182466 124.14507722 139.35851    124.27512852
 124.34469841 139.25687927 124.32591448] State(map=[1. 2. 0. 0. 4. 0. 2. 4. 0. 1.] & first_shappy_pos=4 & second_shappy_pos=7) && 0 && [155.9539      84.40827415  99.61905228 142.13180235  99.99988748
  92.49003021 101.57007829  81.03913533] State(map=[1. 4. 0. 4. 0. 0. 0. 0. 0. 1.] & first_shappy_pos=1 & second_shappy_pos=3) && 0 && [0. 0. 0. 0. 0. 0. 0. 0.] State(map=[1. 2. 0. 4. 0. 0. 2. 4. 2. 1.] & first_shappy_pos=3 & second_shappy_pos=7) && 7 && [215.42625379 225.12735069 200.45316928 215.30477043 211.39979418
 201.66393513 215.30477043 225.422659  ] State(map=[1. 2. 4. 0. 0. 0. 4. 0. 0. 1.] & first_shappy_pos=6 & second_shappy_pos=2) && 0 && [87.84233454  0.          0.          0.          0.          5.1002
 19.          0.        ] State(map=[1. 4. 0. 0. 0. 0. 4. 0. 0. 1.] & first_shappy_pos=6 & second_shappy_pos=1) && 0 && [0. 0. 0. 0. 0. 0. 0. 0.] State(map=[1. 2. 4. 0. 0. 0. 2. 0. 4. 1.] & first_shappy_pos=2 & second_shappy_pos=8) && 7 && [ 37.69325621  21.00527314  26.45219092  50.60807536  24.86034378
  33.71854059  65.29768409 124.422659  ] State(map=[1. 2. 4. 0. 0. 0. 2. 4. 0. 1.] & first_shappy_pos=2 & second_shappy_pos=7) && 0 && [155.9539     105.17216513  84.9373869   99.42735831  78.27634561
 132.93185799 153.87927729 121.61959902] State(map=[1. 2. 0. 0. 0. 4. 2. 4. 2. 1.] & first_shappy_pos=5 & second_shappy_pos=7) && 4 && [202.98362841 225.3121932  201.55389007 215.19766141 225.422659
 127.16134607 191.02666551 143.45537289] State(map=[1. 0. 0. 0. 4. 0. 0. 4. 2. 1.] & first_shappy_pos=4 & second_shappy_pos=7) && 1 && [-0.1    46.8559  0.      0.      0.      0.      0.      0.    ] State(map=[1. 2. 0. 0. 0. 0. 4. 4. 2. 1.] & first_shappy_pos=6 & second_shappy_pos=7) && 1 && [-1.00000000e-01  1.43498534e+02  1.27786010e+01  1.01983628e+01
  4.93883745e+01  0.00000000e+00 -1.00000000e-01  0.00000000e+00] State(map=[1. 2. 0. 0. 0. 0. 4. 0. 2. 1.] & first_shappy_pos=6 & second_shappy_pos=6) && 2 && [ 7.09140287e+00  4.84046919e+01  1.01983628e+02  4.17359752e+01
  3.47517156e+01 -3.92971570e-02 -1.90000000e-01  1.15328671e+01] State(map=[1. 2. 0. 0. 4. 0. 4. 0. 2. 1.] & first_shappy_pos=6 & second_shappy_pos=4) && 4 && [-0.1        -0.1        -0.1        -0.1        47.78478608  0.
  0.          0.        ] State(map=[1. 2. 0. 4. 0. 0. 4. 0. 2. 1.] & first_shappy_pos=6 & second_shappy_pos=3) && 4 && [-0.1        -0.1        -0.1        -0.0280729   2.37952695  0.
  0.          0.        ] State(map=[1. 2. 4. 0. 0. 0. 4. 0. 2. 1.] & first_shappy_pos=6 & second_shappy_pos=2) && 0 && [ 9.991 -0.1    0.     9.991  0.     0.     0.     0.   ] State(map=[1. 0. 4. 0. 0. 0. 0. 0. 4. 1.] & first_shappy_pos=8 & second_shappy_pos=2) && 0 && [0. 0. 0. 0. 0. 0. 0. 0.] State(map=[1. 2. 4. 4. 0. 0. 0. 0. 0. 1.] & first_shappy_pos=3 & second_shappy_pos=2) && 6 && [19.         21.4361     24.11898455 19.          7.91       24.119
 99.99999652 27.20247853] State(map=[1. 4. 4. 0. 0. 0. 0. 0. 0. 1.] & first_shappy_pos=1 & second_shappy_pos=2) && 0 && [0. 0. 0. 0. 0. 0. 0. 0.] State(map=[1. 2. 0. 0. 0. 4. 0. 4. 2. 1.] & first_shappy_pos=7 & second_shappy_pos=5) && 2 && [-0.1        -0.1         1.00765749  0.          0.          0.
  0.          0.        ] State(map=[1. 2. 0. 0. 4. 0. 0. 4. 2. 1.] & first_shappy_pos=7 & second_shappy_pos=4) && 1 && [-0.1  0.   0.  -0.1  0.   0.   0.   0. ] State(map=[1. 2. 0. 0. 0. 4. 4. 0. 2. 1.] & first_shappy_pos=6 & second_shappy_pos=5) && 3 && [ 3.65864235  0.          0.         38.6047645   0.          0.
  0.          0.        ] State(map=[1. 4. 0. 0. 0. 0. 2. 0. 4. 1.] & first_shappy_pos=1 & second_shappy_pos=8) && 6 && [-0.1        -0.1        -0.1        -0.1        11.52637478  0.89463617
 88.99841065  4.77992247] State(map=[1. 4. 0. 0. 0. 0. 2. 4. 0. 1.] & first_shappy_pos=1 & second_shappy_pos=7) && 0 && [99.53616023 -0.1         0.          0.         14.79061044  0.
  0.          1.58036613] State(map=[1. 0. 4. 0. 0. 0. 2. 0. 4. 1.] & first_shappy_pos=2 & second_shappy_pos=8) && 2 && [-0.1        -0.1        39.31240834  0.          0.          0.
  0.          0.        ] State(map=[1. 0. 4. 0. 0. 0. 2. 4. 0. 1.] & first_shappy_pos=2 & second_shappy_pos=7) && 0 && [99.99982838  0.         12.88560023  0.         12.94085744  2.33
 10.         -0.19      ] State(map=[1. 0. 4. 0. 0. 0. 4. 0. 0. 1.] & first_shappy_pos=2 & second_shappy_pos=6) && 0 && [0. 0. 0. 0. 0. 0. 0. 0.] State(map=[1. 2. 0. 4. 0. 0. 0. 4. 2. 1.] & first_shappy_pos=7 & second_shappy_pos=3) && 1 && [-0.1  0.   0.   0.   0.   0.   0.   0. ] State(map=[1. 2. 4. 0. 0. 0. 0. 4. 2. 1.] & first_shappy_pos=7 & second_shappy_pos=2) && 3 && [0.    0.    0.    9.991 0.    0.    0.    0.   ] State(map=[1. 0. 0. 0. 0. 4. 0. 4. 2. 1.] & first_shappy_pos=7 & second_shappy_pos=5) && 5 && [-0.1   -0.1   -0.1   -0.109 -0.1    0.     0.     0.   ] State(map=[1. 0. 0. 0. 0. 0. 4. 4. 2. 1.] & first_shappy_pos=7 & second_shappy_pos=6) && 1 && [-0.1  0.   0.   0.   0.   0.   0.   0. ] State(map=[1. 0. 0. 0. 0. 0. 4. 0. 2. 1.] & first_shappy_pos=6 & second_shappy_pos=6) && 4 && [-0.1   -0.1   -0.1   -0.109  0.8    0.     0.     0.   ] State(map=[1. 2. 0. 0. 4. 4. 0. 0. 2. 1.] & first_shappy_pos=5 & second_shappy_pos=4) && 1 && [-0.1        27.63523019  0.          0.          0.          0.
  0.          0.        ] State(map=[1. 2. 4. 0. 0. 4. 0. 0. 2. 1.] & first_shappy_pos=5 & second_shappy_pos=2) && 5 && [0.       0.       0.       0.       0.       1.518461 0.       0.      ] State(map=[1. 2. 0. 0. 0. 0. 0. 4. 2. 1.] & first_shappy_pos=7 & second_shappy_pos=7) && 2 && [ 0.          0.         63.30387302  0.          0.          0.
  0.          0.        ] State(map=[1. 2. 0. 0. 0. 0. 4. 4. 2. 1.] & first_shappy_pos=7 & second_shappy_pos=6) && 1 && [-0.1        4.1020334  0.         0.         0.         0.
  0.         0.       ] State(map=[1. 4. 0. 0. 0. 0. 0. 0. 0. 1.] & first_shappy_pos=1 & second_shappy_pos=1) && 0 && [0. 0. 0. 0. 0. 0. 0. 0.] State(map=[1. 2. 4. 4. 0. 0. 2. 0. 2. 1.] & first_shappy_pos=2 & second_shappy_pos=3) && 6 && [181.82963381 128.42203653 128.43312498 114.12840687 143.96875302
 162.66496186 181.9269341  114.66241916] State(map=[1. 2. 4. 0. 0. 0. 2. 0. 2. 1.] & first_shappy_pos=2 & second_shappy_pos=2) && 0 && [203.25214898  25.51391861  30.30630151  50.86782154  34.84596578
  21.33276466   0.           0.        ] State(map=[1. 4. 4. 0. 0. 0. 2. 0. 2. 1.] & first_shappy_pos=2 & second_shappy_pos=1) && 7 && [ 30.10515582  30.89326989   3.76995322   8.86087442   5.67452734
  19.18733677  35.01800691 102.25214886] State(map=[1. 4. 0. 0. 0. 0. 2. 0. 2. 1.] & first_shappy_pos=1 & second_shappy_pos=1) && 5 && [-0.29701     4.61464666 -0.29701    -0.29701     2.18352163 80.07874148
  8.85050812 11.213171  ] State(map=[1. 4. 0. 4. 0. 0. 2. 0. 2. 1.] & first_shappy_pos=1 & second_shappy_pos=3) && 7 && [ 55.1281226   27.20249     60.13552524  46.12714529  75.02402365
  65.18374253  21.64358947 143.981     ] State(map=[1. 4. 4. 0. 0. 0. 2. 0. 2. 1.] & first_shappy_pos=1 & second_shappy_pos=2) && 1 && [-2.07100000e-01  1.28566082e+02  2.16363527e+01  1.12567523e+01
  6.74443911e-01  1.13824605e+01  1.01351947e+01 -1.00000000e-01] State(map=[1. 4. 0. 0. 4. 0. 2. 0. 2. 1.] & first_shappy_pos=1 & second_shappy_pos=4) && 1 && [118.26812829 161.09       122.35140924 122.52140457 145.21647781
 128.21580228 109.35105545 131.28759432] State(map=[1. 0. 4. 0. 0. 0. 2. 0. 2. 1.] & first_shappy_pos=2 & second_shappy_pos=2) && 7 && [ 51.53563851  13.06233725  44.83909241  23.70407353  96.56110413
  66.53223354  58.14645327 128.5829    ] State(map=[1. 4. 0. 0. 0. 4. 2. 0. 2. 1.] & first_shappy_pos=1 & second_shappy_pos=5) && 1 && [143.97874444 180.1        161.08342112 143.97869707 180.09568685
 161.07016486 143.98072541 180.09740756] State(map=[1. 0. 4. 4. 0. 0. 2. 0. 2. 1.] & first_shappy_pos=2 & second_shappy_pos=3) && 5 && [ 4.68680232e+01 -1.00000000e-01  4.20746402e+01  2.16121968e+01
  5.89026103e+01  1.28582900e+02  1.65647399e+01  1.28571932e+01] State(map=[1. 0. 4. 4. 0. 0. 2. 0. 2. 1.] & first_shappy_pos=3 & second_shappy_pos=2) && 5 && [ 47.80110325  34.7074559   44.14661278  47.74898598  19.83333866
 114.72461     31.23264772  24.07046844] State(map=[1. 4. 0. 4. 0. 0. 2. 0. 2. 1.] & first_shappy_pos=3 & second_shappy_pos=1) && 7 && [102.24887919 102.21326259  91.01632743  91.0168129  114.71283395
  91.01638298  91.0204878  114.72461   ] State(map=[1. 0. 0. 4. 0. 0. 2. 0. 2. 1.] & first_shappy_pos=3 & second_shappy_pos=3) && 4 && [ 90.75591898 128.54340086 114.69727981 114.71816248 143.981
  91.02073017 114.71485904 114.66807231] State(map=[1. 0. 4. 0. 4. 0. 2. 0. 2. 1.] & first_shappy_pos=2 & second_shappy_pos=4) && 4 && [114.71659677 161.03792316 143.96753418 128.56888403 161.09
 143.795983   128.57408262 160.81359582] State(map=[1. 0. 4. 0. 0. 4. 2. 0. 2. 1.] & first_shappy_pos=2 & second_shappy_pos=5) && 1 && [ 27.27539    180.09999845  65.9679659   49.51506487  18.01
  30.60676307  48.15659265  34.21751088] State(map=[1. 2. 4. 0. 4. 0. 2. 0. 2. 1.] & first_shappy_pos=2 & second_shappy_pos=4) && 1 && [162.56145457 192.88362841 143.981      128.52234817 160.90007192
 172.47633316 162.64207189 192.82582295] State(map=[1. 0. 4. 0. 4. 0. 2. 0. 2. 1.] & first_shappy_pos=4 & second_shappy_pos=2) && 4 && [ 90.96914846  90.99515779 102.22127092 102.18944616 128.5829
  71.64448492  80.90747733 102.22953052] State(map=[1. 4. 0. 0. 4. 0. 2. 0. 2. 1.] & first_shappy_pos=4 & second_shappy_pos=1) && 2 && [ 51.69988882  78.62134791 102.252149    47.79240876  69.901814
  44.56715895  54.67423154  48.13313771] State(map=[1. 0. 0. 4. 4. 0. 2. 0. 2. 1.] & first_shappy_pos=4 & second_shappy_pos=3) && 5 && [ 39.38818338  30.64579464  52.59693438   6.70079502  43.78377114
 102.25214672   7.08816739   8.13490878] State(map=[1. 2. 0. 4. 0. 0. 2. 0. 2. 1.] & first_shappy_pos=3 & second_shappy_pos=3) && 0 && [181.9269341   63.47323493  30.91950573  98.72801297  60.92684792
  74.85820703  32.6370935   40.39097013] State(map=[1. 4. 0. 0. 0. 4. 2. 0. 2. 1.] & first_shappy_pos=5 & second_shappy_pos=1) && 2 && [24.21319201 10.23016717 91.02693389 17.21411748 53.70210444 -0.109
 -0.4977037  -0.2233    ] State(map=[1. 0. 4. 0. 0. 4. 2. 0. 2. 1.] & first_shappy_pos=5 & second_shappy_pos=2) && 0 && [80.91391454 18.92005136 31.01746931  8.91557441  9.00982073 -0.20791
 -0.3269719  -0.2152    ] State(map=[1. 0. 0. 0. 4. 0. 2. 0. 2. 1.] & first_shappy_pos=4 & second_shappy_pos=4) && 3 && [ 4.97171259e+00 -1.00000000e-01  3.64975139e+01  1.28582900e+02
  1.61089386e+01  2.35247444e+00  1.90765943e+01  4.45494590e+00] State(map=[1. 0. 0. 4. 0. 4. 2. 0. 2. 1.] & first_shappy_pos=5 & second_shappy_pos=3) && 4 && [ 2.83215808e+01  1.08716324e+01  2.42303409e+01  3.10109083e+01
  1.14724610e+02 -1.09000000e-01 -3.26016100e-01 -2.07100000e-01] State(map=[1. 0. 0. 0. 4. 4. 2. 0. 2. 1.] & first_shappy_pos=5 & second_shappy_pos=4) && 2 && [-0.1       -0.1       64.5493635  0.        -0.1        0.
  0.         0.       ] State(map=[1. 0. 0. 4. 0. 4. 2. 0. 2. 1.] & first_shappy_pos=3 & second_shappy_pos=5) && 1 && [ 26.88508075 180.09994367  30.41873284  49.5150659   18.00994871
   3.9066692   21.7976759    0.        ] State(map=[1. 0. 0. 4. 4. 0. 2. 0. 2. 1.] & first_shappy_pos=3 & second_shappy_pos=4) && 1 && [ 12.80530582 161.06844218  49.5150659    0.           0.
  11.472461     3.53666336   1.82778365] State(map=[1. 2. 0. 4. 4. 0. 2. 0. 2. 1.] & first_shappy_pos=4 & second_shappy_pos=3) && 2 && [ 1.69853621e+01  8.39649920e-01  1.62719482e+02  3.45661175e+01
  1.12601506e+01  9.97951688e+00  5.53073638e+00 -1.00000000e-01] State(map=[1. 2. 4. 0. 4. 0. 2. 0. 2. 1.] & first_shappy_pos=4 & second_shappy_pos=2) && 0 && [192.02687464  27.62813775   7.89537049  83.23378754  55.87815448
  10.56002129   0.           0.        ] State(map=[1. 0. 0. 4. 0. 0. 0. 0. 4. 1.] & first_shappy_pos=8 & second_shappy_pos=3) && 0 && [0. 0. 0. 0. 0. 0. 0. 0.] State(map=[1. 2. 4. 0. 0. 4. 2. 0. 2. 1.] & first_shappy_pos=2 & second_shappy_pos=5) && 1 && [172.28384754 215.42625379 161.08999732 143.98099843 180.09998939
 192.88362551 172.59503671 215.42623229] State(map=[1. 0. 0. 0. 0. 4. 2. 0. 2. 1.] & first_shappy_pos=5 & second_shappy_pos=5) && 1 && [-0.1      35.038477  0.        0.        0.        0.        0.
  0.      ] State(map=[1. 0. 0. 0. 0. 4. 0. 4. 2. 1.] & first_shappy_pos=5 & second_shappy_pos=7) && 1 && [-0.1 27.1  0.   0.   0.   0.   0.   0. ] State(map=[1. 0. 0. 0. 0. 4. 4. 0. 2. 1.] & first_shappy_pos=5 & second_shappy_pos=6) && 3 && [-0.1 -0.1 -0.1  0.   0.   0.   0.   0. ] State(map=[1. 0. 0. 4. 0. 0. 0. 0. 4. 1.] & first_shappy_pos=3 & second_shappy_pos=8) && 0 && [0. 0. 0. 0. 0. 0. 0. 0.] State(map=[1. 2. 0. 4. 0. 4. 2. 0. 2. 1.] & first_shappy_pos=3 & second_shappy_pos=5) && 1 && [172.52901538 215.42625379 192.73164191 128.47238242 215.19766138
 192.84949489 154.08173851 214.8952206 ] State(map=[1. 2. 0. 4. 4. 0. 2. 0. 2. 1.] & first_shappy_pos=3 & second_shappy_pos=4) && 4 && [162.70544253 192.81157225 140.49703291 162.73424069 192.88362841
 154.2720091  152.81388424 136.99915467] State(map=[1. 2. 0. 0. 4. 0. 2. 0. 2. 1.] & first_shappy_pos=4 & second_shappy_pos=4) && 2 && [ 68.26827704  83.19451975 172.59526535 125.50586585 121.56638471
  30.38267779  61.98952874 100.1483323 ] State(map=[1. 0. 0. 0. 0. 4. 0. 0. 4. 1.] & first_shappy_pos=5 & second_shappy_pos=8) && 0 && [0. 0. 0. 0. 0. 0. 0. 0.] State(map=[1. 2. 4. 4. 0. 0. 2. 0. 2. 1.] & first_shappy_pos=3 & second_shappy_pos=2) && 0 && [106.03727621   0.           0.           0.           0.
   0.           0.           0.        ] State(map=[1. 0. 0. 0. 4. 4. 2. 0. 2. 1.] & first_shappy_pos=4 & second_shappy_pos=5) && 4 && [ 0.          0.          0.          0.         47.00281909  0.
  0.          0.        ] State(map=[1. 0. 0. 0. 4. 0. 0. 0. 4. 1.] & first_shappy_pos=8 & second_shappy_pos=4) && 0 && [0. 0. 0. 0. 0. 0. 0. 0.] State(map=[1. 0. 0. 0. 4. 0. 0. 0. 4. 1.] & first_shappy_pos=4 & second_shappy_pos=8) && 0 && [0. 0. 0. 0. 0. 0. 0. 0.] State(map=[1. 2. 0. 0. 4. 4. 2. 0. 2. 1.] & first_shappy_pos=4 & second_shappy_pos=5) && 1 && [136.53282274 215.42625379 192.2530983  152.65988084 214.9961169
 170.13789512 152.72546184 202.57469028] State(map=[1. 2. 0. 0. 4. 4. 2. 0. 2. 1.] & first_shappy_pos=5 & second_shappy_pos=4) && 2 && [-0.1        -0.1        89.20919077  0.          0.          0.
  0.          0.        ] State(map=[1. 2. 0. 4. 0. 4. 2. 0. 2. 1.] & first_shappy_pos=5 & second_shappy_pos=3) && 2 && [-1.00000000e-01 -1.00000000e-01  1.18347576e+02  0.00000000e+00
  0.00000000e+00 -1.00000000e-01  0.00000000e+00 -1.00000000e-01] State(map=[1. 2. 4. 0. 0. 4. 2. 0. 2. 1.] & first_shappy_pos=5 & second_shappy_pos=2) && 0 && [85.2422331  0.         0.         0.         0.         0.
  0.         0.       ] State(map=[1. 2. 0. 0. 0. 4. 2. 0. 2. 1.] & first_shappy_pos=5 & second_shappy_pos=5) && 7 && [ 16.5382058   30.12534468  36.64788936  24.68379964  21.54262538
   3.24051509   0.         191.7850476 ] State(map=[1. 2. 4. 0. 0. 0. 2. 4. 2. 1.] & first_shappy_pos=2 & second_shappy_pos=7) && 7 && [213.90326537 211.72861408 158.04962997 179.55191018 179.55865723
 192.13559937 215.42625379 225.422659  ] State(map=[1. 4. 0. 0. 0. 0. 2. 4. 2. 1.] & first_shappy_pos=1 & second_shappy_pos=7) && 0 && [ 1.7955191e+02  0.0000000e+00  0.0000000e+00  0.0000000e+00
  3.0332815e+01 -1.0000000e-01  1.8010000e+01  1.0000000e+01] State(map=[1. 0. 4. 0. 0. 0. 2. 4. 2. 1.] & first_shappy_pos=2 & second_shappy_pos=7) && 0 && [18.01  0.    0.    0.    0.    0.    0.    0.  ] State(map=[1. 0. 0. 4. 0. 0. 2. 0. 4. 1.] & first_shappy_pos=3 & second_shappy_pos=8) && 2 && [-0.1        -0.1         3.04244436  0.          0.          0.
  0.          0.        ] State(map=[1. 0. 0. 4. 0. 0. 2. 4. 0. 1.] & first_shappy_pos=3 & second_shappy_pos=7) && 0 && [19.  0.  0.  0.  0.  0. 10.  0.] State(map=[1. 0. 0. 4. 0. 0. 4. 0. 0. 1.] & first_shappy_pos=3 & second_shappy_pos=6) && 0 && [0. 0. 0. 0. 0. 0. 0. 0.] State(map=[1. 0. 0. 0. 4. 0. 4. 0. 0. 1.] & first_shappy_pos=4 & second_shappy_pos=6) && 0 && [0. 0. 0. 0. 0. 0. 0. 0.] 