State(map=[1. 2. 0. 0. 3. 0. 2. 4. 2. 1.]) && 1 && [243.67264452 349.73194163 257.06848936 252.59948296 274.81227389
 282.20427091 239.38643436 301.30381803] State(map=[1. 2. 0. 0. 0. 3. 2. 0. 4. 1.]) && 0 && [254.38172613 197.85881921 196.15049024 172.74103541 196.13452531
 151.25799334 152.21872245 151.25848195] State(map=[1. 2. 0. 0. 0. 3. 2. 4. 0. 1.]) && 6 && [160.30031792 189.75092526 183.95045768 165.62125983 192.71688245
 149.68542049 311.8886831  147.38579625] State(map=[1. 2. 0. 0. 0. 0. 3. 0. 4. 1.]) && 2 && [51.71882378 50.26528322 58.07287588 58.07239718 58.07215767 43.73020101
 50.92934685 43.74898617] State(map=[1. 2. 0. 0. 0. 3. 0. 4. 0. 1.]) && 2 && [59.74951886 58.07215191 66.74818364 66.74702053 66.74795004 50.98457575
 59.27187812 50.2645617 ] State(map=[1. 2. 0. 0. 3. 0. 0. 0. 4. 1.]) && 2 && [66.7468576  66.7468585  76.38776007 76.38695163 76.38751647 58.07116306
 58.07188384 58.07182143] State(map=[1. 2. 0. 3. 0. 0. 0. 0. 4. 1.]) && 2 && [76.38509193 76.38626988 87.09911688 87.06558266 87.09831584 66.74604892
 66.74594098 66.74623886] State(map=[1. 2. 0. 3. 0. 0. 0. 4. 0. 1.]) && 4 && [76.36724269 76.38631756 87.05310504 87.08393713 87.09818747 66.74586403
 66.74543347 66.74469257] State(map=[1. 2. 0. 3. 0. 0. 4. 0. 0. 1.]) && 2 && [76.31439522 76.38285919 87.08957457 86.8061908  87.03907266 66.73964217
 69.27686865 66.74554811] State(map=[1. 2. 3. 0. 0. 0. 0. 4. 0. 1.]) && 3 && [87.06055828 87.07087979 98.96703403 98.97837102 98.92341815 76.3229828
 76.28693475 76.32680872] State(map=[1. 2. 3. 0. 0. 0. 0. 0. 4. 1.]) && 2 && [86.96528441 87.09583218 98.99974105 98.99844726 98.99860253 76.38226561
 76.37343353 76.36423424] State(map=[1. 2. 0. 0. 3. 0. 0. 4. 0. 1.]) && 4 && [66.74571979 66.74651063 76.38704095 76.37163068 76.38788377 58.07123432
 59.9691779  58.07207506] State(map=[1. 2. 0. 0. 0. 3. 4. 0. 0. 1.]) && 0 && [104.45675764  58.07090492  66.74668326  69.50672112  66.74762096
  63.84098345  58.08537803  51.398782  ] State(map=[1. 2. 0. 0. 3. 0. 4. 0. 0. 1.]) && 4 && [70.59100093 66.74724109 76.36817474 76.35226004 76.3871356  59.91408251
 71.16779621 58.07139925] State(map=[1. 2. 0. 3. 0. 4. 0. 0. 0. 1.]) && 4 && [74.56199296 76.30532133 86.70776084 86.11584877 87.07378343 69.16207861
 82.91349103 66.70515954] State(map=[1. 2. 3. 0. 0. 0. 4. 0. 0. 1.]) && 3 && [86.63027425 87.01224573 98.97329756 98.99505198 98.97837102 76.25175266
 76.26694148 76.31390917] State(map=[1. 2. 0. 0. 0. 4. 3. 0. 0. 1.]) && 2 && [65.88846824 57.34949352 79.87283119 68.35302848 59.48300897 57.13578852
 66.04627695 49.72974839] State(map=[1. 2. 0. 0. 4. 0. 0. 3. 0. 1.]) && 3 && [75.7515987  57.37209204 65.72688716 75.84065806 58.05352776 66.06922906
 75.65691759 57.24330513] State(map=[1. 2. 0. 0. 4. 0. 0. 0. 3. 1.]) && 6 && [75.84675979 57.3452783  65.99397713 75.77880051 57.1902066  66.20631394
 75.93784192 57.38803636] State(map=[1. 2. 0. 0. 0. 4. 0. 0. 3. 1.]) && 6 && [66.18008453 49.56407885 57.41699823 65.93394066 49.51523272 57.3956097
 66.19780235 49.46874201] State(map=[1. 2. 0. 0. 0. 4. 0. 3. 0. 1.]) && 6 && [66.08973173 49.83477307 58.01686305 65.89747393 59.00089603 57.44433624
 66.21792103 49.49075136] State(map=[1. 2. 0. 0. 0. 0. 7. 0. 0. 1.]) && 3 && [ 59.5692523   51.05382897  64.38959426 124.33573735  58.07189651
  50.42984451  57.45911544  52.36561357] State(map=[1. 2. 0. 0. 0. 0. 0. 7. 0. 1.]) && 3 && [49.91411506 43.75040238 51.70915351 73.50255267 50.26501018 42.87945334
 49.6161275  41.48779455] State(map=[1. 2. 0. 0. 0. 0. 4. 0. 3. 1.]) && 0 && [57.45395819 42.81199711 49.71372854 57.4266023  50.80546971 49.50077699
 57.43696553 42.81711467] State(map=[1. 2. 0. 0. 0. 0. 0. 4. 3. 1.]) && 2 && [49.56260274 41.42850293 50.80279193 49.85209477 43.6438468  42.88600305
 49.6036566  41.18686684] State(map=[1. 2. 0. 0. 0. 0. 0. 0. 7. 1.]) && 3 && [42.68010019 41.44230198 43.63427852 50.2241474  43.63913641 41.75909397
 42.70043668 41.99564932] State(map=[1. 2. 0. 0. 0. 0. 4. 3. 0. 1.]) && 2 && [57.45501223 50.0076566  68.27264738 58.52616916 50.82154567 49.47438092
 57.44541505 42.33457724] State(map=[1. 2. 0. 0. 0. 7. 0. 0. 0. 1.]) && 3 && [ 69.18082797  61.06490407  71.02184951 140.37831788  66.74586628
  58.21054429  65.97667578  58.30974419] State(map=[1. 2. 0. 0. 0. 0. 3. 4. 0. 1.]) && 3 && [59.68290962 50.26442219 58.0724126  67.25540358 58.07236058 50.26987192
 49.89913051 43.76788952] State(map=[1. 2. 0. 4. 0. 0. 3. 0. 0. 1.]) && 6 && [86.39354296 64.77666347 74.3339887  83.64721681 67.58449189 75.14036592
 86.7534368  65.32730471] State(map=[1. 2. 0. 0. 4. 3. 0. 0. 0. 1.]) && 2 && [ 74.33146044  69.17022695 104.57280003  74.09840866  69.90495838
  65.89461142  75.64472616  58.05247989] State(map=[1. 2. 0. 0. 4. 0. 3. 0. 0. 1.]) && 6 && [75.67977777 57.60470527 66.97882168 74.73904134 67.47478409 65.95974215
 75.90674186 56.8853874 ] State(map=[1. 2. 0. 4. 0. 3. 0. 0. 0. 1.]) && 6 && [81.66532282 65.98873724 71.19959339 84.72578151 72.53152319 75.64025844
 86.14713318 65.03093235] State(map=[1. 2. 0. 4. 3. 0. 0. 0. 0. 1.]) && 2 && [ 82.7775876   83.47907466 113.80455365  80.10265926  76.65821409
  72.16789031  82.0186099   64.63295809] State(map=[1. 2. 0. 7. 0. 0. 0. 0. 0. 1.]) && 3 && [ 72.29736269  74.44884677  79.65912845 177.99995245  85.06509516
  70.39286961  81.55156201  92.87759452] State(map=[1. 2. 3. 0. 4. 0. 0. 0. 0. 1.]) && 3 && [77.58396422 82.73430299 97.814721   98.54079863 96.52187605 66.90914065
 95.35803949 70.68014194] State(map=[1. 2. 3. 0. 0. 4. 0. 0. 0. 1.]) && 2 && [84.46868288 86.71910657 98.75596156 98.6652422  98.62804689 75.94547664
 72.0424142  76.1013918 ] State(map=[1. 2. 0. 3. 4. 0. 0. 0. 0. 1.]) && 0 && [103.94163203  76.14317228  85.79458954  81.15868584  85.68022794
  77.13801425  73.36930143  66.67858602] State(map=[1. 2. 0. 0. 3. 4. 0. 0. 0. 1.]) && 0 && [102.07283132  66.74270425  76.30519707  76.16260081  76.35986682
  68.28073965  67.76760486  58.49573104] State(map=[1. 3. 0. 0. 0. 4. 0. 0. 0. 1.]) && 0 && [0. 0. 0. 0. 0. 0. 0. 0.] State(map=[1. 2. 0. 3. 0. 0. 4. 0. 2. 1.]) && 4 && [131.23997873 160.64146903 155.30631178 141.5431526  171.71507902
 140.95507868 128.26069711 156.00631139] State(map=[1. 2. 3. 0. 0. 0. 4. 0. 2. 1.]) && 4 && [128.18455574 159.52169154 171.18933929 159.85058137 179.59753183
 147.51295039 106.94394936 134.31452902] State(map=[1. 2. 0. 3. 0. 4. 0. 0. 2. 1.]) && 4 && [ 94.06989571 148.34340341 128.13189501 108.02879234 151.84592176
 120.36886482  98.60166992 136.24446513] State(map=[1. 2. 0. 0. 3. 0. 0. 4. 2. 1.]) && 4 && [135.30581982 165.39502641 152.19495671 147.7341697  176.96356508
 141.88163822 133.68999144 158.08062213] State(map=[1. 2. 3. 0. 0. 0. 0. 4. 2. 1.]) && 4 && [129.19001021 170.48324415 165.9385244  155.10811008 195.94488808
 112.40156864 136.40458267 160.52088974] State(map=[1. 3. 0. 0. 0. 0. 0. 0. 4. 1.]) && 0 && [0. 0. 0. 0. 0. 0. 0. 0.] State(map=[1. 2. 0. 0. 0. 3. 4. 0. 2. 1.]) && 4 && [115.19714651 146.09147942 140.65999741 128.44251628 156.48540451
 129.67763788 111.85629024 128.7110063 ] State(map=[1. 2. 0. 0. 0. 3. 0. 4. 2. 1.]) && 4 && [130.18838653 158.46166318 151.19838671 132.45809337 165.59926653
 124.93512219 122.27891527 149.93714792] State(map=[1. 2. 0. 0. 0. 0. 7. 0. 2. 1.]) && 7 && [100.4859672  121.77162832 125.85628341 108.28550977 143.92775855
 106.71329301 108.77552275 151.33305039] State(map=[1. 2. 0. 0. 0. 7. 0. 0. 2. 1.]) && 4 && [ 99.26341064 132.84107253 124.95897113  98.94785196 136.43025761
 104.31413849  86.19695427 123.71376117] State(map=[1. 2. 0. 0. 4. 3. 0. 0. 2. 1.]) && 4 && [ 41.91623979 106.47867213  95.13046665  51.10998534 120.77237464
  81.2021219   69.43606255  98.35768903] State(map=[1. 2. 0. 0. 0. 4. 3. 0. 2. 1.]) && 4 && [ 88.11266978 113.07924894 108.54722067  91.62864436 131.86398931
 107.92100703  97.07198287 103.19345861] State(map=[1. 2. 0. 0. 4. 0. 0. 3. 2. 1.]) && 7 && [104.19376291  88.97135941  50.79329094  42.54399681  61.43701735
 122.98965566 118.39981584 126.28378789] State(map=[1. 2. 0. 0. 0. 4. 0. 3. 2. 1.]) && 6 && [ 74.86154189  88.23758605  62.53359503  72.72001091 103.39393191
 135.06524951 136.0143765  127.92901268] State(map=[1. 2. 0. 0. 7. 0. 0. 0. 0. 1.]) && 3 && [ 78.96731892  71.5105513   77.40627395 158.19969862  76.29025199
  71.8231429   74.17560008  75.85698277] State(map=[1. 2. 3. 4. 0. 0. 0. 0. 0. 1.]) && 4 && [92.04223673 76.87387517 91.89280992 88.16752008 95.60065302 78.21946694
 58.13146382 63.84784772] State(map=[1. 3. 0. 0. 4. 0. 0. 0. 0. 1.]) && 0 && [0. 0. 0. 0. 0. 0. 0. 0.] State(map=[1. 2. 0. 3. 4. 0. 0. 0. 2. 1.]) && 1 && [ 53.28976783 117.49523217  98.37577579  81.8670909  115.96171474
  78.87777841  49.65036572 115.09027275] State(map=[1. 2. 0. 0. 3. 4. 0. 0. 2. 1.]) && 4 && [101.30014083 137.39202847 127.02132069  94.44881582 147.35908811
 113.63407597 100.14495824 136.12028723] State(map=[1. 2. 0. 4. 0. 0. 0. 0. 3. 1.]) && 3 && [86.38977035 65.82889176 75.74400628 86.81201978 65.29513352 75.5438734
 86.13624467 65.35292335] State(map=[1. 2. 0. 4. 0. 0. 0. 3. 0. 1.]) && 0 && [86.86602085 65.316445   75.66248589 86.43367096 65.19817977 75.7010122
 86.12686574 65.73342714] State(map=[1. 2. 4. 0. 0. 0. 0. 0. 3. 1.]) && 3 && [98.54079863 71.81878015 85.32867253 98.6652422  72.49889884 85.10058499
 98.03992401 74.76376425] State(map=[1. 3. 0. 0. 0. 0. 4. 0. 0. 1.]) && 0 && [0. 0. 0. 0. 0. 0. 0. 0.] State(map=[1. 2. 0. 3. 0. 0. 2. 4. 2. 1.]) && 7 && [248.44934672 254.08644918 105.73119453 244.85786834 254.63645975
 243.25095279 230.82953672 289.47126772] State(map=[1. 2. 0. 3. 0. 0. 0. 4. 2. 1.]) && 4 && [138.72707124 174.84467449 165.14287625 147.30827798 185.14860674
 148.77605952 127.56465905 166.22096714] State(map=[1. 3. 0. 0. 0. 0. 0. 4. 0. 1.]) && 0 && [0. 0. 0. 0. 0. 0. 0. 0.] State(map=[1. 2. 0. 4. 0. 3. 0. 0. 2. 1.]) && 1 && [56.75874464 74.69465333 33.10520126 38.12190853 67.71421926 37.43060422
 61.80142613 60.40974204] State(map=[1. 2. 0. 4. 0. 0. 3. 0. 2. 1.]) && 5 && [ 50.43644563  60.43537221  12.59509163  59.84524902  48.60375584
 102.1253715   51.33447197  68.60243864] State(map=[1. 2. 4. 0. 0. 0. 3. 0. 2. 1.]) && 3 && [77.38595169 21.60531195 25.1029606  98.58146186 26.79727766 44.21883425
 84.14750653 56.860352  ] State(map=[1. 2. 4. 0. 0. 3. 0. 0. 2. 1.]) && 6 && [ 79.87300516  16.37958998  20.19751711  98.97287684  29.64680632
  36.42652144 111.67845663  25.11892407] State(map=[1. 2. 4. 0. 3. 0. 0. 0. 2. 1.]) && 0 && [80.00483074 36.94730209 35.05980243 70.99784323  9.47704422 52.8884711
 73.23080898 11.53553352] State(map=[1. 2. 0. 7. 0. 0. 0. 0. 2. 1.]) && 1 && [44.6481195  76.9111917  58.56885384 27.5071347  74.71651202 32.40691858
 48.79259157 60.34690397] State(map=[1. 2. 3. 0. 0. 4. 0. 0. 2. 1.]) && 4 && [ 90.86016478 140.57091923 152.47712407 135.77062891 164.78044169
 108.00276034  68.03685751 127.71542064] State(map=[1. 3. 0. 0. 4. 0. 0. 0. 2. 1.]) && 1 && [42.86224982 62.05058296 51.695621   43.62939805 61.6082317  50.42757438
 39.08859211 60.53851153] State(map=[1. 3. 0. 4. 0. 0. 0. 0. 2. 1.]) && 1 && [34.13012998 52.69131349 42.8290257  32.85713321 51.67309314 39.55112528
 34.47432967 49.70275758] State(map=[1. 0. 3. 4. 0. 0. 0. 0. 2. 1.]) && 4 && [31.14424412 46.95341381 41.19889843 31.15970716 49.95456765 33.72307323
 26.64695269 46.20891567] State(map=[1. 0. 0. 7. 0. 0. 0. 0. 2. 1.]) && 4 && [25.74622516 45.15876983 34.79523062 29.16097021 45.93531725 25.98853787
 26.48203442 36.53754878] State(map=[1. 0. 0. 3. 4. 0. 0. 0. 2. 1.]) && 4 && [31.81915547 55.83336695 49.59783163 36.00577977 57.99166796 32.59818665
 26.37347756 33.5298589 ] State(map=[1. 3. 4. 0. 0. 0. 0. 0. 2. 1.]) && 4 && [24.65580165 41.4125507  32.80437545 22.30375963 43.05101862 31.27365508
 24.83899649 39.99466162] State(map=[1. 0. 3. 0. 4. 0. 0. 0. 2. 1.]) && 4 && [36.62955545 59.91297719 51.48175326 41.46556268 61.61572013 45.13417808
 32.9168351  56.22160881] State(map=[1. 0. 0. 3. 0. 4. 0. 0. 2. 1.]) && 4 && [44.1980435  46.43764326 59.64202486 47.02548877 70.52061959 29.7778887
 29.6900261  46.29040816] State(map=[1. 0. 0. 0. 7. 0. 0. 0. 2. 1.]) && 4 && [25.49958904 30.99702565 39.47853565 28.70625152 49.79473538 19.91713544
 27.27606122 19.77658924] State(map=[1. 0. 0. 0. 3. 0. 4. 0. 2. 1.]) && 4 && [25.66572384 49.19733721 35.95644532 38.68239676 63.07770673 29.58046764
 16.42671085 38.92186863] State(map=[1. 0. 0. 0. 3. 0. 0. 4. 2. 1.]) && 4 && [33.64380282 67.93275099 47.74613039 30.19875867 85.626568   24.45015524
 23.29826947 67.93275099] State(map=[1. 0. 0. 0. 0. 3. 0. 4. 2. 1.]) && 4 && [17.38884639 40.54149    38.24456373 20.81971368 64.48083443 16.61404198
  6.52596611 40.54149   ] State(map=[1. 0. 0. 0. 0. 0. 3. 0. 4. 1.]) && 0 && [0. 0. 0. 0. 0. 0. 0. 0.] State(map=[1. 2. 0. 3. 0. 0. 2. 0. 4. 1.]) && 5 && [166.87489998 172.00738461 161.93203716 161.5507439  160.72700946
 216.67652916 178.18371308 195.10407712] State(map=[1. 2. 3. 0. 0. 0. 2. 0. 4. 1.]) && 3 && [157.50749126 156.3464938  170.0257234  183.8963025  171.47677376
 166.75503507 164.08959389 167.85085887] State(map=[1. 2. 3. 0. 0. 0. 2. 4. 0. 1.]) && 3 && [182.69642447 133.1507012  169.10290601 187.07783622 159.61602091
 152.20630332 172.15726815 144.67950935] State(map=[1. 2. 0. 3. 0. 0. 2. 4. 0. 1.]) && 3 && [175.95113383 163.31908328 158.46216534 187.90806776 156.12718074
 174.20709819 167.07888113 187.12910627] State(map=[1. 2. 4. 0. 0. 0. 0. 3. 0. 1.]) && 3 && [98.3001046  74.33059135 83.11145932 98.9379687  73.83838628 85.38747871
 98.48977625 72.48800522] State(map=[1. 2. 4. 0. 0. 0. 3. 0. 0. 1.]) && 6 && [98.3001046  70.64706965 79.63595567 98.37009414 65.31064953 84.84976631
 98.6652422  72.12149443] State(map=[1. 2. 4. 0. 0. 3. 0. 0. 0. 1.]) && 0 && [96.52187605 69.63814112 80.50951542 96.52187605 64.78225461 83.1570045
 92.60352893 69.813563  ] State(map=[1. 4. 0. 0. 0. 3. 0. 0. 0. 1.]) && 0 && [0. 0. 0. 0. 0. 0. 0. 0.] State(map=[1. 2. 0. 0. 3. 0. 2. 0. 4. 1.]) && 6 && [182.80297202 208.4064642  174.31268944 166.93096667 174.48079072
 199.22483433 278.66679426 202.83840116] State(map=[1. 3. 0. 0. 0. 0. 2. 4. 0. 1.]) && 3 && [97.19344764 67.57250656 75.93056353 97.53669259 66.79466454 71.9668754
 96.52187605 59.88116625] State(map=[1. 3. 0. 0. 0. 0. 2. 0. 4. 1.]) && 3 && [83.95063256 72.08439501 70.87184133 84.12293477 68.75709074 64.3946214
 79.27555805 64.05196171] State(map=[1. 0. 3. 0. 0. 0. 2. 0. 4. 1.]) && 3 && [76.64361293 60.08204024 67.3452126  78.12901822 68.99792239 38.87974125
 48.65254203 37.99066096] State(map=[1. 0. 3. 0. 0. 0. 2. 4. 0. 1.]) && 6 && [91.10312214 51.93687614 69.71842182 88.16752008 64.56786131 50.72514918
 92.60352893 27.1620334 ] State(map=[1. 2. 0. 0. 3. 0. 4. 0. 2. 1.]) && 4 && [128.69094999 156.45934583 150.54411189 130.04922371 162.19852601
 136.99940621 118.60714141 146.20312072] State(map=[1. 2. 0. 0. 0. 0. 0. 7. 2. 1.]) && 7 && [ 59.53996947 110.38770296  83.467967    69.33702636 108.33008728
  82.38571984  94.53104299 193.38696994] State(map=[1. 2. 0. 0. 0. 0. 0. 3. 4. 1.]) && 3 && [50.41666889 43.63249725 50.26393761 51.81555513 50.26495136 41.43304224
 42.76510296 41.7310683 ] State(map=[1. 2. 4. 0. 3. 0. 0. 0. 0. 1.]) && 0 && [97.53669259 68.11141209 69.52905132 92.60352893 75.81849707 77.07867618
 95.60065302 61.24900456] State(map=[1. 2. 4. 3. 0. 0. 0. 0. 0. 1.]) && 6 && [84.14063111 72.37361723 92.27110259 80.65510013 73.79708336 64.97727159
 95.60065302 55.48203964] State(map=[1. 4. 3. 0. 0. 0. 0. 0. 0. 1.]) && 0 && [0. 0. 0. 0. 0. 0. 0. 0.] State(map=[1. 2. 0. 0. 0. 3. 0. 0. 4. 1.]) && 3 && [58.07223751 58.07238118 66.74776676 66.74795112 66.74776176 50.26491753
 51.10366007 50.26424254] State(map=[1. 4. 0. 0. 3. 0. 0. 0. 0. 1.]) && 0 && [0. 0. 0. 0. 0. 0. 0. 0.] State(map=[1. 3. 0. 0. 0. 0. 4. 0. 2. 1.]) && 1 && [62.34111347 84.78141715 72.29843497 62.35082671 84.71329655 71.70595159
 59.66365206 77.78004655] State(map=[1. 0. 3. 0. 0. 4. 0. 0. 2. 1.]) && 4 && [49.34476819 70.30429752 60.72873377 50.32529209 72.48861153 55.32452542
 43.26952702 49.24496921] State(map=[1. 0. 3. 0. 0. 0. 4. 0. 2. 1.]) && 4 && [60.19366716 77.56498327 70.94013106 60.23443325 83.81700987 46.07349681
 56.84392573 67.97421448] State(map=[1. 0. 3. 0. 0. 0. 0. 4. 2. 1.]) && 7 && [54.43047298 91.89280992 75.51296357 61.21960825 93.24317604 51.38990764
 34.96299442 94.33697259] State(map=[1. 0. 0. 3. 0. 0. 0. 0. 4. 1.]) && 0 && [0. 0. 0. 0. 0. 0. 0. 0.] State(map=[1. 2. 0. 0. 0. 3. 2. 4. 2. 1.]) && 6 && [229.08250921 289.12851816 256.80701131 230.43745892 278.45066529
 217.79964175 316.64837414 248.66673887] State(map=[1. 0. 3. 0. 0. 0. 4. 0. 0. 1.]) && 0 && [0. 0. 0. 0. 0. 0. 0. 0.] State(map=[1. 0. 0. 3. 0. 0. 2. 0. 4. 1.]) && 3 && [43.15829124 28.73437523 53.4132219  57.81206711 41.06043606  7.51578746
 16.81246927  6.07932128] State(map=[1. 2. 0. 0. 3. 0. 2. 4. 0. 1.]) && 5 && [166.9444331  185.48800313 166.09539597 176.95196301 164.83191357
 244.49987951 159.89798391 189.70221109] State(map=[1. 2. 0. 0. 7. 0. 0. 0. 2. 1.]) && 1 && [ 57.61209542 118.90232594  81.62092231  55.16622914 117.57191811
  94.69285333  42.06262724 102.57330978] State(map=[1. 2. 3. 0. 4. 0. 0. 0. 2. 1.]) && 2 && [ 60.56356319  91.56838746 131.66110112 113.55732833 129.2115928
  56.69766366  38.74858945  78.13883489] State(map=[1. 2. 3. 4. 0. 0. 0. 0. 2. 1.]) && 4 && [ 25.49616794  55.25840106 100.75734135  65.28658777 107.31479526
  23.31346893  30.50584526  41.6358485 ] State(map=[1. 3. 0. 0. 0. 4. 0. 0. 2. 1.]) && 1 && [51.92761027 73.48057747 61.8704179  51.62106726 72.42729542 61.17957134
 49.99293303 71.3268597 ] State(map=[1. 0. 0. 0. 3. 4. 0. 0. 2. 1.]) && 2 && [27.76333214 43.87318522 49.13189675 41.77243878 43.78636519 20.49452141
 17.53366363 35.95757833] State(map=[1. 0. 0. 4. 0. 3. 0. 0. 2. 1.]) && 6 && [34.54789252 20.30455634 19.44045901 26.1819041  29.31669065 38.14763644
 44.34104989 25.81090192] State(map=[1. 0. 0. 0. 4. 3. 0. 0. 2. 1.]) && 6 && [24.14548609 17.24406975 28.91860121 16.98370129 25.27179804 22.53670321
 31.57752376 16.01195877] State(map=[1. 0. 0. 0. 0. 7. 0. 0. 2. 1.]) && 4 && [15.0001293  30.19157664 22.45804733 28.97206122 34.68152995 16.52741733
 20.21200833  9.58710187] State(map=[1. 0. 0. 0. 0. 0. 7. 0. 2. 1.]) && 6 && [ 7.74616254 17.13367721 22.64947224 10.56440118 17.05270633 23.28564673
 30.58123987 13.18878004] State(map=[1. 0. 0. 0. 0. 0. 3. 4. 2. 1.]) && 1 && [ 4.73929724 56.38374621  6.7848851  13.03280473 18.81        9.07914679
  4.10637462 34.0461    ] State(map=[1. 0. 0. 0. 0. 0. 4. 3. 2. 1.]) && 6 && [ 8.02574924  6.9064441   1.2252335   5.50571449  6.3155734  26.829
 67.93275099  9.9       ] State(map=[1. 0. 0. 0. 0. 4. 3. 0. 2. 1.]) && 7 && [13.49847034 11.30610991 14.77369547 12.514814   24.54046505 25.55335144
 27.93561815 32.10108421] State(map=[1. 0. 0. 0. 4. 0. 3. 0. 2. 1.]) && 7 && [32.0160384  16.6054607  12.34069374 13.6028576  12.39156724 25.73210291
 36.75550038 40.24396045] State(map=[1. 0. 0. 0. 4. 0. 0. 3. 2. 1.]) && 6 && [30.03648993 26.20921559 12.86118143 24.71149713  7.4272735  56.38374621
 60.64537159 60.64537159] State(map=[1. 0. 0. 0. 0. 4. 0. 3. 2. 1.]) && 6 && [19.13482361 20.06163493  2.16130674  5.69635841 10.03786363 34.0461
 60.64537159 60.64537159] State(map=[1. 0. 0. 0. 4. 0. 0. 0. 3. 1.]) && 0 && [0. 0. 0. 0. 0. 0. 0. 0.] State(map=[1. 3. 0. 0. 0. 0. 0. 4. 2. 1.]) && 1 && [69.28017311 98.13593161 81.79355008 65.37998956 97.53669259 75.47366637
 64.26173664 95.94058772] State(map=[1. 0. 3. 0. 0. 0. 0. 0. 4. 1.]) && 0 && [0. 0. 0. 0. 0. 0. 0. 0.] State(map=[1. 2. 0. 0. 0. 0. 3. 4. 2. 1.]) && 4 && [115.87308384 138.77252456 134.25127444 132.24962221 149.00283742
 147.74303936 101.09272586 137.46522565] State(map=[1. 2. 7. 0. 0. 0. 0. 0. 0. 1.]) && 3 && [ 82.48959012  54.76649258  67.93275099 199.99999667  78.61677792
  62.3946255   73.8355283   35.10241697] State(map=[1. 2. 0. 4. 3. 0. 0. 0. 2. 1.]) && 7 && [40.82272913 71.69014726 38.88331842 46.30865923 77.6276008  31.37488993
 65.41126109 81.25559336] State(map=[1. 2. 4. 3. 0. 0. 0. 0. 2. 1.]) && 0 && [82.874619   21.91762238 11.9883893  44.64542882 19.87598826 17.86671752
 69.99084434 31.51283573] State(map=[1. 4. 3. 0. 0. 0. 0. 0. 2. 1.]) && 1 && [23.42532601 33.94171781 24.09343281 22.36730155 32.48479817 18.97067033
 22.82017515 26.01736782] State(map=[1. 4. 0. 3. 0. 0. 0. 0. 2. 1.]) && 4 && [18.80277192 25.82344759 21.26867931 22.32855996 30.86900188 30.32053958
 30.30224572 30.10470955] State(map=[1. 7. 0. 0. 0. 0. 0. 0. 2. 1.]) && 4 && [24.76177891 32.36082878 24.68563644 23.10798876 33.03447533 23.51223205
 20.7311067  32.94553085] State(map=[1. 0. 7. 0. 0. 0. 0. 0. 2. 1.]) && 4 && [22.45848947 36.40462674 30.20651124 23.32723233 43.41550344 25.14952944
 21.0128943  33.76780607] State(map=[1. 4. 0. 0. 3. 0. 0. 0. 2. 1.]) && 5 && [32.15255606 29.20949018 19.65978851 19.2130407  23.65221461 43.04687912
 42.49232191 41.42107243] State(map=[1. 0. 0. 3. 0. 0. 4. 0. 2. 1.]) && 7 && [43.83382055 63.96494941 63.89056891 50.60019764 60.91997617 40.7937364
 31.38286891 65.50616784] State(map=[1. 0. 0. 0. 0. 3. 4. 0. 2. 1.]) && 4 && [ 9.36092403 37.74668134 28.31888994 25.56204163 55.0752807  11.61502152
  7.07593654 25.49479236] State(map=[1. 0. 0. 4. 0. 0. 0. 3. 2. 1.]) && 5 && [38.22278715 22.02614272 28.54698446 29.08830097 13.95286214 78.61677792
 64.48083443 64.48083443] State(map=[1. 2. 3. 0. 0. 0. 2. 4. 2. 1.]) && 3 && [ 85.30030774  86.68767061  45.5228201  149.31010703  84.07231565
  52.80523313  92.7067403   85.79225643] State(map=[1. 0. 0. 3. 0. 0. 0. 4. 2. 1.]) && 1 && [28.41192779 88.16752008 58.97917975 54.58963567 80.65510013 50.88197058
 21.51508814 85.626568  ] State(map=[1. 2. 0. 4. 0. 0. 0. 3. 2. 1.]) && 6 && [ 26.47772193  63.79697881  36.52713371  40.34145834  47.90447887
 125.8707417  151.0724204   90.56592909] State(map=[1. 4. 0. 0. 0. 0. 0. 0. 3. 1.]) && 0 && [0. 0. 0. 0. 0. 0. 0. 0.] State(map=[1. 4. 0. 0. 0. 0. 0. 3. 0. 1.]) && 0 && [0. 0. 0. 0. 0. 0. 0. 0.] State(map=[1. 2. 0. 0. 4. 0. 3. 0. 2. 1.]) && 6 && [ 49.45172155  81.9100894   78.34322758  35.33040918  98.27811301
  88.09583873 111.99640049  98.54295953] State(map=[1. 4. 0. 0. 0. 3. 0. 0. 2. 1.]) && 5 && [39.94717368 39.62234134 26.87576147 29.57016922 27.46617635 54.47507112
 53.17299856 53.35715939] State(map=[1. 0. 4. 0. 3. 0. 0. 0. 2. 1.]) && 6 && [31.34733592 25.27677937 22.56683585 20.79743017 33.96043033 38.00206346
 41.56763789 29.463754  ] State(map=[1. 0. 4. 0. 0. 3. 0. 0. 2. 1.]) && 6 && [39.15039136 29.21944132 27.42568607 27.28123076 26.56735638 51.53486892
 51.96324137 38.97922367] State(map=[1. 0. 4. 3. 0. 0. 0. 0. 2. 1.]) && 4 && [16.74536121 31.5047647  32.39942579 22.57169488 38.39280654 29.91544778
 30.72925988 27.59612214] State(map=[1. 0. 0. 4. 0. 0. 3. 0. 2. 1.]) && 6 && [42.0476634  23.42495112 20.78851947 32.29851771 12.50099483 54.77644972
 59.27326461 41.71920171] State(map=[1. 0. 4. 0. 0. 0. 0. 3. 2. 1.]) && 5 && [59.36985227 44.31453021 24.17431008 37.94036558 19.41375629 86.9639112
 78.61677792 84.14063111] State(map=[1. 0. 0. 4. 0. 0. 0. 0. 3. 1.]) && 0 && [0. 0. 0. 0. 0. 0. 0. 0.] State(map=[1. 2. 4. 0. 0. 0. 0. 3. 2. 1.]) && 6 && [ 61.62887608  17.36879278  19.06458104  56.13357614  25.37521825
  50.52426534 104.34062     55.17191449] State(map=[1. 4. 0. 0. 0. 0. 0. 3. 2. 1.]) && 5 && [42.16036069 56.01707028 33.86967034 29.71353141 36.30051357 90.22569126
 82.48959012 80.65510013] State(map=[1. 0. 0. 3. 0. 0. 2. 4. 0. 1.]) && 6 && [56.38374621  4.25846447 25.82571126 71.03947589 25.78158263 13.13724621
 76.35197547  6.02254017] State(map=[1. 0. 0. 0. 3. 0. 2. 0. 4. 1.]) && 3 && [10.49384273  2.92580557 24.34812955 24.49169764 10.2552706   9.05894022
 13.049899   12.37961689] State(map=[1. 0. 0. 0. 0. 3. 2. 0. 4. 1.]) && 5 && [15.15598     4.207759    0.67369147  4.767469    0.99729911 40.54149
 26.829      26.829     ] State(map=[1. 0. 0. 0. 0. 3. 2. 4. 0. 1.]) && 6 && [26.829       1.4929      0.         18.81        0.97449091  9.9
 68.78        9.9       ] State(map=[1. 0. 0. 0. 0. 0. 3. 4. 0. 1.]) && 0 && [0. 0. 0. 0. 0. 0. 0. 0.] State(map=[1. 0. 0. 4. 3. 0. 0. 0. 2. 1.]) && 4 && [30.83003103 35.08452652 30.88059152 22.87858009 37.74521666 29.90989748
 36.07731415 20.23211908] State(map=[1. 0. 4. 0. 0. 0. 3. 0. 2. 1.]) && 6 && [49.90730957 38.95421569 36.45445343 33.99899255 26.32045254 63.68551428
 66.00486657 59.20877248] State(map=[1. 4. 0. 0. 0. 0. 3. 0. 2. 1.]) && 6 && [49.53773622 47.74130808 39.65027397 38.91334823 35.75868881 67.1604396
 68.02753902 61.68667808] State(map=[1. 0. 4. 0. 0. 0. 0. 0. 3. 1.]) && 0 && [0. 0. 0. 0. 0. 0. 0. 0.] State(map=[1. 0. 0. 0. 0. 4. 0. 0. 3. 1.]) && 0 && [0. 0. 0. 0. 0. 0. 0. 0.] State(map=[1. 4. 0. 3. 0. 0. 0. 0. 0. 1.]) && 0 && [0. 0. 0. 0. 0. 0. 0. 0.] State(map=[1. 2. 0. 0. 0. 0. 4. 3. 2. 1.]) && 1 && [ 88.73455464 135.54655612 108.67155028  63.04435306 109.69789296
 125.84113325 134.47730707 121.64492672] State(map=[1. 0. 0. 0. 3. 0. 0. 0. 4. 1.]) && 0 && [0. 0. 0. 0. 0. 0. 0. 0.] State(map=[1. 3. 4. 0. 0. 0. 0. 0. 0. 1.]) && 0 && [0. 0. 0. 0. 0. 0. 0. 0.] State(map=[1. 3. 0. 4. 0. 0. 0. 0. 0. 1.]) && 0 && [0. 0. 0. 0. 0. 0. 0. 0.] State(map=[1. 0. 0. 0. 3. 0. 4. 0. 0. 1.]) && 0 && [0. 0. 0. 0. 0. 0. 0. 0.] State(map=[1. 0. 0. 3. 0. 0. 4. 0. 0. 1.]) && 0 && [0. 0. 0. 0. 0. 0. 0. 0.] State(map=[1. 4. 0. 0. 0. 0. 3. 0. 0. 1.]) && 0 && [0. 0. 0. 0. 0. 0. 0. 0.] State(map=[1. 0. 0. 0. 3. 0. 2. 4. 0. 1.]) && 6 && [34.0461      0.         24.15909824 34.0461      7.75099129  8.5804
 40.54149     9.24507448] State(map=[1. 2. 7. 0. 0. 0. 0. 0. 2. 1.]) && 3 && [43.85628515 21.31488894 39.14341625 56.16993481 42.87559039 15.85670934
 47.38517679 11.10659025] State(map=[1. 0. 0. 0. 0. 3. 0. 0. 4. 1.]) && 0 && [0. 0. 0. 0. 0. 0. 0. 0.] State(map=[1. 0. 0. 0. 0. 0. 0. 7. 2. 1.]) && 1 && [ 5.6032751  40.54149     5.96800969  3.80302332  9.9         9.9
  9.9        38.        ] State(map=[1. 0. 0. 0. 0. 0. 7. 0. 0. 1.]) && 0 && [0. 0. 0. 0. 0. 0. 0. 0.] State(map=[1. 0. 0. 0. 0. 0. 4. 0. 3. 1.]) && 0 && [0. 0. 0. 0. 0. 0. 0. 0.] State(map=[1. 7. 0. 0. 0. 0. 0. 0. 0. 1.]) && 0 && [0. 0. 0. 0. 0. 0. 0. 0.] State(map=[1. 0. 0. 0. 0. 0. 0. 3. 4. 1.]) && 0 && [0. 0. 0. 0. 0. 0. 0. 0.] State(map=[1. 0. 0. 0. 0. 0. 0. 4. 3. 1.]) && 0 && [0. 0. 0. 0. 0. 0. 0. 0.] State(map=[1. 3. 0. 0. 0. 0. 2. 4. 2. 1.]) && 4 && [ 0.         14.38145184  1.34532816 17.17031294 30.86983154  0.
 17.08780337  0.        ] State(map=[1. 0. 0. 0. 0. 3. 4. 0. 0. 1.]) && 0 && [0. 0. 0. 0. 0. 0. 0. 0.] State(map=[1. 0. 0. 0. 0. 0. 0. 0. 7. 1.]) && 0 && [0. 0. 0. 0. 0. 0. 0. 0.] final